#    0.000   0.000   0.000 ;Mean Elev.(m), Avg Gradient(m/km), RMS Gradient(m/km) - SRTM1     
#    0.000   0.000   0.000 ;Mean Elev.(m), Avg Gradient(m/km), RMS Gradient(m/km) - ASTER GDEM
#  119.457   0.020   4.377 ;Mean Elev.(m), Avg Gradient(m/km), RMS Gradient(m/km) - GMTED2010 
  7 311.294892  -6.681319   123.480   123.544  3 52443.05480642 48.987
  8 311.299972  -6.681733   122.810   122.518  3 52478.05480098 39.562
  9 311.312181  -6.675523   122.028   122.005  3 52513.05474387 52.030
 10 311.303822  -6.680348   122.188   122.218  4 52548.05478496 49.221
 11 311.307786  -6.679502   122.406   122.393  3 52583.05478682 43.837
 12 311.300813  -6.680332   122.710   122.759  3 52618.05476098 51.523
 13 311.313882  -6.676729   124.080   124.091  3 52653.05473520 50.723
 14 311.305808  -6.679468   126.016   126.003  4 52688.05473546 51.466
 15 311.304757  -6.678714   128.056   128.038  3 52723.05478224 52.174
 16 311.293156  -6.682359   127.947   127.952  3 52758.05480298 52.143
 17 311.308195  -6.679616   124.654   124.639  3 52793.05475598 50.979
 18 311.309639  -6.677142   123.183   123.293  3 52828.05482419 44.976
 19 311.310884  -6.675746   122.953   123.241  3 52863.05486945 46.657
 20 311.303185  -6.681440   122.034   122.004  3 52898.05489812 52.288
 21 311.301621  -6.681627   122.267   122.196  3 52933.05484370 51.397
 22 311.306232  -6.677706   123.294   123.197  3 52968.05485168 52.538
 24 311.300721  -6.681209   128.280   127.307  3 53038.05482391 28.071
 25 311.303023  -6.680138   130.184   130.155  3 53073.05485075 50.312
 26 311.301115  -6.682976   130.935   130.938  3 53108.05482372 51.277
 27 311.304248  -6.679477   127.526   127.510  3 53143.05486055 52.025
 28 311.306841  -6.679940   123.897   123.892  3 53178.05488172 50.700
 29 311.303146  -6.681560   123.161   122.728  3 53213.05490199 47.720
 30 311.305170  -6.679870   124.833   124.644  4 53248.05487113 18.753
 31 311.302440  -6.682556   122.213   122.131  3 53283.05486185 49.625
 32 311.308362  -6.677659   122.523   122.580  3 53318.05486182 46.604
 33 311.309014  -6.676960   123.733   123.783  3 53353.05482800 44.208
 34 311.304739  -6.679480   125.060   125.071  3 53388.05482335 51.976
 35 311.310941  -6.676751   127.686   127.680  4 53423.05482412 51.037
 36 311.309910  -6.677228   128.768   128.761  4 53458.05482925 51.095
 37 311.298487  -6.683524   127.812   127.767  3 53493.05491376 50.151
 38 311.309679  -6.678715   124.560   124.570  3 53528.05489335 52.399
 39 311.298781  -6.682551   123.825   123.948  4 53563.05492233 46.114
 40 311.308066  -6.677964   122.200   122.163  3 53598.05486299 52.946
 41 311.301610  -6.680575   122.131   122.016  3 53633.05485840 44.726
 42 311.300491  -6.680594   122.042   121.939  3 53668.05488039 21.080
 43 311.309080  -6.676821   122.672   122.618  3 53703.05482446 50.933
 44 311.309094  -6.677885   125.579   125.575  4 53738.05473390 50.463
 45 311.310983  -6.678008   126.820   126.831  3 53773.05474679 28.959
 46 311.307638  -6.677474   126.377   126.446  3 53808.05473402 50.923
 48 311.307923  -6.676927   128.176   128.177  3 53878.05480367 52.765
 49 311.299154  -6.682279   123.755   123.774  3 53913.05485585 50.086
 51 311.304171  -6.681701   122.169   122.206  3 53983.05481097 41.316
 52 311.307554  -6.680165   122.191   122.238  3 54018.05484067 41.690
 53 311.313189  -6.675195   123.173   123.170  3 54053.05483493 49.403
 54 311.306260  -6.678569   124.169   124.176  3 54088.05482595 50.602
 55 311.304506  -6.680561   125.295   125.215  3 54123.05474884 50.671
 56 311.305000  -6.681208   128.277   128.288  3 54158.05478898 29.313
 58 311.305144  -6.679767   126.206   126.210  3 54228.05480110 51.584
 59 311.305772  -6.679343   123.351   123.372  4 54263.05482044 51.243
 60 311.305946  -6.679444   122.387   122.417  4 54298.05482514 48.610
 61 311.306542  -6.679635   122.353   122.141  3 54333.05481459 51.320
 63 311.306041  -6.680067   122.031   121.995  3 54403.05475767 48.948
 65 311.307637  -6.678020   123.228   123.268  3 54473.05474368 17.831
 66 311.304962  -6.678353   125.607   125.653  3 54508.05472572 49.852
 67 311.306385  -6.677977   127.370   127.362  3 54543.05475804 46.987
 68 311.304798  -6.680219   127.983   127.930  3 54578.05472819 44.521
 69 311.306349  -6.679668   125.643   125.613  3 54613.05474904 51.843
 70 311.305129  -6.679866   123.262   123.240  4 54648.05475546 51.530
 71 311.305371  -6.680386   122.262   122.223  3 54683.05475588 47.112
 72 311.305285  -6.678555   121.929   121.829  3 54718.05470383 50.403
 73 311.305318  -6.678912   121.531   121.657  3 54753.05472884 49.818
 74 311.304918  -6.679870   122.022   122.015  4 54788.05469343 46.128
 75 311.306552  -6.679731   123.847   123.853  3 54823.05472317 49.886
 76 311.305677  -6.679275   125.108   125.137  3 54858.05469000 47.560
 77 311.304491  -6.681546   127.167   126.855  3 54893.05472509 41.015
 78 311.303687  -6.681880   126.758   126.735  3 54928.05468694 52.130
 80 311.303126  -6.680926   125.100   125.065  3 54998.05474604 52.331
 82 311.305898  -6.680342   122.399   122.376  3 55068.05472369 50.178
 83 311.303594  -6.681770   122.321   122.250  3 55103.05466197 46.575
 84 311.305900  -6.679331   122.825   122.881  4 55138.05467009 49.086
 85 311.304834  -6.678428   124.209   124.335  3 55173.05463139 49.218
 86 311.305839  -6.679876   126.214   126.204  3 55208.05466492 53.463
 87 311.304215  -6.680721   127.553   127.609  3 55243.05463525 49.918
 88 311.305069  -6.680460   127.163   127.199  3 55278.05465811 51.805
 89 311.304729  -6.679459   127.525   127.513  3 55313.05462177 51.883
 90 311.306056  -6.680354   125.116   124.063  3 55348.05462924 32.280
 91 311.305153  -6.680697   122.930   122.669  3 55383.05461919 48.031
 92 311.306341  -6.679650   122.543   122.148  3 55418.05464809 51.146
 93 311.305834  -6.679983   121.833   121.718  3 55453.05462891 51.763
 94 311.305830  -6.678469   122.105   121.968  3 55488.05455020 42.914
