#    0.000   0.000   0.000 ;Mean Elev.(m), Avg Gradient(m/km), RMS Gradient(m/km) - SRTM1     
#    0.000   0.000   0.000 ;Mean Elev.(m), Avg Gradient(m/km), RMS Gradient(m/km) - ASTER GDEM
#   91.156  -0.634   4.068 ;Mean Elev.(m), Avg Gradient(m/km), RMS Gradient(m/km) - GMTED2010 
  6    90.084 52419.54909101 47.47 311.531801  -5.407129 21.125
  6    90.081 52419.54909166 50.19 311.531071  -5.410429 21.125
  6    89.965 52419.54909230 51.92 311.530331  -5.413739 21.125
  6    90.040 52419.54909294 49.68 311.529601  -5.417039 21.125
  7    88.425 52454.54911609 46.48 311.531463  -5.408305 18.711
  7    88.565 52454.54911674 49.43 311.530733  -5.411605 18.711
  7    88.373 52454.54911738 50.69 311.530003  -5.414915 18.711
  7    88.440 52454.54911802 48.83 311.529273  -5.418215 18.711
  8    88.126 52489.54909183 48.00 311.541119  -5.404322 15.015
  8    87.966 52489.54909248 42.74 311.540389  -5.407622 15.015
  8    87.868 52489.54909312 39.67 311.539659  -5.410932 15.015
  8    87.837 52489.54909377 40.54 311.538929  -5.414232 15.015
  9    87.794 52524.54906963 47.00 311.536248  -5.407615 12.125
  9    87.763 52524.54907027 44.92 311.535518  -5.410915 12.125
  9    87.706 52524.54907092 46.60 311.534788  -5.414225 12.125
 10    87.395 52559.54911896 34.30 311.533109  -5.406390 13.253
 10    87.421 52559.54911960 34.12 311.532379  -5.409690 13.253
 10    87.211 52559.54912025 32.59 311.531645  -5.412995  9.594
 10    86.924 52559.54912089 26.46 311.530915  -5.416295  9.594
 11    88.134 52594.54912389 41.05 311.529299  -5.407628 20.090
 11    88.018 52594.54912454 41.43 311.528569  -5.410938 20.090
 11    87.951 52594.54912518 30.43 311.527839  -5.414238 20.090
 11    87.583 52594.54912583 24.67 311.527109  -5.417548 20.090
 11    87.382 52594.54912647 20.79 311.526379  -5.420848 20.090
 12    88.896 52629.54905255 51.06 311.539998  -5.403577 21.192
 12    88.522 52629.54905320 50.82 311.539268  -5.406887 21.192
 12    88.798 52629.54905384 52.51 311.538538  -5.410187 21.192
 12    88.740 52629.54905449 50.65 311.537808  -5.413497 21.192
 13    90.692 52664.54908499 43.17 311.534338  -5.405908 20.901
 13    90.363 52664.54908564 41.72 311.533608  -5.409218 20.901
 13    90.472 52664.54908628 40.98 311.532878  -5.412518 20.901
 13    90.455 52664.54908693 45.34 311.532148  -5.415818 20.901
 14    92.900 52699.54905811 52.28 311.541499  -5.404012 22.214
 14    92.743 52699.54905875 48.44 311.540769  -5.407312 22.214
 14    92.733 52699.54905940 49.92 311.540039  -5.410622 22.214
 14    92.643 52699.54906004 49.92 311.539309  -5.413922 22.214
 15    94.131 52734.54908693 48.68 311.542603  -5.405212 13.946
 15    94.184 52734.54908758 49.26 311.541874  -5.408517  8.630
 15    94.059 52734.54908822 47.85 311.541144  -5.411817  8.630
 16    92.775 52769.54908035 46.89 311.535373  -5.406472 15.881
 16    92.784 52769.54908099 49.77 311.534643  -5.409772 15.881
 16    92.919 52769.54908164 49.70 311.533913  -5.413082 15.881
 16    92.933 52769.54908228 48.79 311.533183  -5.416382 15.881
 17    89.547 52804.54911150 42.26 311.534757  -5.405637 20.346
 17    89.412 52804.54911214 40.06 311.534027  -5.408937 20.346
 17    89.348 52804.54911279 43.40 311.533297  -5.412237 20.346
 17    89.274 52804.54911343 44.37 311.532567  -5.415547 20.346
 18    88.358 52839.54917371 51.61 311.537073  -5.406979 21.061
 18    88.222 52839.54917435 48.17 311.536343  -5.410289 21.061
 18    88.104 52839.54917500 50.42 311.535613  -5.413589 21.061
 18    87.749 52839.54917564 49.48 311.534883  -5.416899 21.061
 19    88.025 52874.54921280 47.95 311.536528  -5.405184 17.610
 19    87.862 52874.54921345 50.90 311.535798  -5.408494 17.610
 19    87.778 52874.54921409 52.09 311.535068  -5.411794 17.610
 19    87.690 52874.54921474 51.76 311.534338  -5.415104 17.610
 20    87.900 52909.54918716 32.00 311.542684  -5.402346  8.735
 20    87.817 52909.54918781 28.19 311.541954  -5.405656  8.735
 20    87.447 52909.54918845 25.62 311.541224  -5.408956  8.735
 20    87.307 52909.54918910 21.71 311.540494  -5.412256  8.735
 21    88.686 52944.54912482 48.24 311.542697  -5.404847 13.155
 21    88.383 52944.54912546 50.47 311.541967  -5.408157 13.155
 21    88.711 52944.54912611 50.12 311.541237  -5.411457 13.155
 22    88.686 52979.54917761 30.94 311.536829  -5.407363 16.489
 22    88.613 52979.54917825 23.10 311.536099  -5.410673 16.489
 22    88.409 52979.54917890 20.53 311.535369  -5.413973 16.489
 23    89.876 53014.54917508 51.66 311.533894  -5.407737 16.624
 23    89.586 53014.54917573 51.27 311.533164  -5.411037 16.624
 23    89.714 53014.54917637 50.15 311.532434  -5.414347 16.624
 23    89.678 53014.54917702 48.53 311.531704  -5.417647 16.624
 24    94.815 53049.54914766 51.12 311.536626  -5.405589 22.024
 24    94.760 53049.54914830 50.12 311.535896  -5.408889 22.024
 24    94.518 53049.54914895 51.33 311.535166  -5.412199 22.024
 24    94.537 53049.54914959 53.79 311.534436  -5.415499 22.024
 25    95.524 53084.54918424 49.05 311.528448  -5.408562 19.665
 25    95.324 53084.54918489 48.79 311.527718  -5.411862 19.665
 25    95.437 53084.54918553 46.80 311.526988  -5.415162 19.665
 25    95.270 53084.54918618 44.84 311.526258  -5.418472 19.665
 25    95.162 53084.54918682 47.98 311.525528  -5.421772 19.665
 26    95.172 53119.54915358 50.52 311.532808  -5.406784 21.761
 26    95.163 53119.54915423 51.06 311.532078  -5.410094 21.761
 26    95.128 53119.54915487 53.14 311.531348  -5.413394 21.761
 26    95.059 53119.54915552 51.50 311.530618  -5.416694 21.761
 27    91.442 53154.54920590 45.36 311.529938  -5.407181 24.741
 27    91.359 53154.54920655 48.14 311.529208  -5.410481 24.741
 27    91.310 53154.54920719 51.77 311.528478  -5.413791 24.741
 27    91.414 53154.54920783 51.81 311.527748  -5.417091 24.741
 27    91.351 53154.54920848 49.83 311.527018  -5.420401 24.741
 28    89.014 53189.54919467 51.59 311.542905  -5.403500 18.587
 28    89.045 53189.54919532 50.35 311.542175  -5.406810 18.587
 28    88.984 53189.54919596 50.71 311.541445  -5.410110 18.587
 28    88.905 53189.54919661 46.95 311.540715  -5.413410 18.587
 29    88.393 53224.54920745 47.98 311.539182  -5.405135 14.438
 29    88.191 53224.54920809 47.60 311.538452  -5.408435 14.438
 29    88.100 53224.54920874 48.78 311.537722  -5.411745 14.438
 29    88.202 53224.54920938 47.50 311.536992  -5.415045 14.438
 30    87.513 53259.54918275 25.57 311.532613  -5.406528 10.707
 30    87.602 53259.54918340 29.77 311.531883  -5.409828 10.707
 30    87.319 53259.54918404 28.63 311.531153  -5.413138 10.707
 30    87.139 53259.54918469 23.08 311.530423  -5.416438 10.707
 31    87.441 53294.54920967 33.89 311.527083  -5.409051 17.967
 31    87.561 53294.54921031 35.54 311.526353  -5.412351 17.967
 31    87.433 53294.54921096 30.01 311.525623  -5.415651 17.967
 31    87.260 53294.54921160 26.62 311.524883  -5.418961 17.967
 31    87.048 53294.54921225 19.82 311.524163  -5.422261 17.967
 32    88.696 53329.54918180 43.47 311.537842  -5.404631 16.703
 32    88.489 53329.54918245 45.33 311.537112  -5.407931 16.703
 32    88.422 53329.54918309 41.70 311.536382  -5.411231 16.703
 32    88.237 53329.54918374 47.73 311.535652  -5.414541 16.703
 33    89.491 53364.54913219 48.16 311.541011  -5.402797 16.785
 33    89.096 53364.54913283 53.13 311.540281  -5.406097 16.785
 33    89.171 53364.54913348 51.54 311.539551  -5.409407 16.785
 33    89.116 53364.54913412 50.51 311.538821  -5.412707 16.785
 34    91.371 53399.54915695 46.44 311.535253  -5.405353 20.377
 34    91.211 53399.54915760 52.07 311.534523  -5.408653 20.377
 34    91.081 53399.54915824 52.05 311.533793  -5.411953 20.377
 34    91.203 53399.54915889 52.99 311.533063  -5.415263 20.377
 35    93.264 53434.54914683 45.18 311.539501  -5.403628 15.476
 35    93.478 53434.54914747 46.05 311.538771  -5.406938 15.476
 35    93.315 53434.54914812 46.09 311.538041  -5.410238 15.476
 35    93.102 53434.54914876 45.76 311.537311  -5.413538 15.476
 36    94.271 53469.54919086 49.89 311.533656  -5.406906 22.305
 36    94.211 53469.54919150 51.77 311.532926  -5.410206 22.305
 36    94.105 53469.54919215 51.36 311.532196  -5.413506 22.305
 36    94.111 53469.54919279 51.57 311.531466  -5.416816 22.305
 37    92.388 53504.54923320 26.20 311.531521  -5.408148 13.698
 37    92.520 53504.54923385 19.41 311.530791  -5.411448 13.698
 37    92.635 53504.54923449 19.63 311.530061  -5.414748 13.698
 37    92.659 53504.54923514 21.61 311.529331  -5.418058 13.698
 38    89.570 53539.54923191 50.46 311.534727  -5.405956 20.054
 38    89.513 53539.54923255 48.91 311.533997  -5.409266 20.054
 38    89.508 53539.54923320 49.21 311.533267  -5.412566 20.054
 38    89.437 53539.54923384 51.32 311.532537  -5.415866 20.054
 39    87.984 53574.54922913 34.25 311.532500  -5.408629 13.533
 39    88.050 53574.54922977 30.14 311.531770  -5.411929 13.533
 39    88.052 53574.54923042 35.21 311.531040  -5.415229 13.533
 39    88.077 53574.54923106 38.47 311.530310  -5.418539 13.533
 40    87.421 53609.54917897 27.93 311.534966  -5.407984 12.390
 40    87.407 53609.54917962 21.87 311.534236  -5.411284 12.390
 40    87.229 53609.54918026 19.63 311.533506  -5.414584 12.390
 41    87.494 53644.54918154 37.98 311.535242  -5.406649 15.954
 41    87.429 53644.54918218 34.66 311.534512  -5.409949 15.954
 41    87.516 53644.54918283 34.79 311.533782  -5.413249 15.954
 41    87.506 53644.54918347 37.39 311.533052  -5.416559 15.954
 42    87.404 53679.54919992 43.80 311.530263  -5.409343 20.041
 42    87.461 53679.54920057 40.18 311.529533  -5.412643 20.041
 42    87.462 53679.54920121 35.63 311.528803  -5.415943 20.041
 42    87.571 53679.54920186 47.23 311.528073  -5.419253 20.041
 43    88.394 53714.54912650 32.23 311.540824  -5.402787 15.785
 43    88.584 53714.54912715 33.05 311.540094  -5.406087 15.785
 43    88.704 53714.54912779 32.91 311.539364  -5.409397 15.785
 43    88.878 53714.54912844 44.67 311.538634  -5.412697 15.785
 44    92.043 53749.54904213 47.24 311.541307  -5.403635 17.313
 44    91.831 53749.54904278 50.89 311.540577  -5.406945 17.313
 44    91.953 53749.54904342 49.01 311.539847  -5.410245 17.313
 44    91.873 53749.54904407 51.23 311.539117  -5.413545 17.313
 45    92.067 53784.54907268 34.95 311.540899  -5.403797 11.238
 45    92.167 53784.54907333 28.81 311.540169  -5.407107 11.238
 45    92.544 53784.54907397 27.39 311.539439  -5.410407 11.238
 45    92.543 53784.54907462 36.61 311.538709  -5.413707 11.238
 46    92.836 53819.54903302 51.35 311.540751  -5.404431 20.023
 46    92.779 53819.54903367 51.18 311.540021  -5.407731 20.023
 46    92.758 53819.54903431 50.38 311.539299  -5.411038 11.777
 46    92.797 53819.54903496 49.93 311.538569  -5.414338 11.777
 47    94.774 53854.54911572 49.86 311.531035  -5.409286 21.510
 47    94.743 53854.54911636 50.85 311.530305  -5.412586 21.510
 47    94.655 53854.54911701 52.79 311.529575  -5.415896 21.510
 47    94.601 53854.54911765 51.09 311.528845  -5.419196 21.510
 48    91.353 53889.54912298 33.01 311.544071  -5.402341 12.412
 48    91.486 53889.54912363 23.81 311.543341  -5.405641 12.412
 48    93.180 53889.54912427 21.72 311.542611  -5.408941 12.412
 48    93.259 53889.54912492 23.28 311.541881  -5.412251 12.412
 49    89.011 53924.54919110 39.57 311.525365  -5.409589 18.239
 49    88.629 53924.54919175 48.53 311.524635  -5.412889 18.239
 49    88.723 53924.54919239 51.05 311.523905  -5.416199 18.239
 49    88.830 53924.54919304 50.21 311.523175  -5.419499 18.239
 49    88.810 53924.54919368 51.57 311.522445  -5.422809 18.239
 50    87.963 53959.54918142 27.22 311.528575  -5.409929 13.698
 50    87.655 53959.54918207 30.01 311.527845  -5.413229 13.698
 50    87.566 53959.54918271 23.29 311.527115  -5.416529 13.698
 50    87.446 53959.54918336 21.74 311.526385  -5.419839 13.698
 51    87.903 53994.54911282 37.07 311.538603  -5.405249 12.352
 51    87.655 53994.54911347 38.95 311.537873  -5.408559 12.352
 51    87.870 53994.54911411 30.11 311.537143  -5.411859 12.352
 51    87.673 53994.54911476 37.94 311.536413  -5.415169 12.352
 52    88.159 54029.54917121 37.95 311.538195  -5.404813 13.300
 52    88.297 54029.54917185 38.16 311.537465  -5.408113 13.300
 52    88.031 54029.54917250 35.97 311.536735  -5.411423 13.300
 52    87.849 54029.54917314 43.72 311.536005  -5.414723 13.300
 53    89.281 54064.54916473 39.09 311.540608  -5.402844 13.087
 53    88.698 54064.54916538 36.05 311.539878  -5.406149  8.789
 53    88.721 54064.54916602 26.06 311.539148  -5.409449  8.789
 53    89.295 54064.54916667 25.20 311.538418  -5.412759  8.789
 54    89.747 54099.54913087 40.07 311.536552  -5.406196 16.444
 54    89.670 54099.54913151 33.99 311.535825  -5.409503 10.289
 54    89.736 54099.54913216 34.26 311.535095  -5.412803 10.289
 54    89.769 54099.54913280 33.33 311.534365  -5.416113 10.289
 55    91.139 54134.54908974 48.13 311.536255  -5.405695 19.639
 55    90.985 54134.54909038 48.69 311.535525  -5.409005 19.639
 55    90.828 54134.54909103 49.12 311.534795  -5.412305 19.639
 55    90.625 54134.54909167 50.97 311.534065  -5.415615 19.639
 57    93.653 54204.54909397 51.38 311.535304  -5.405864 21.290
 57    93.575 54204.54909461 54.15 311.534574  -5.409174 21.290
 57    93.420 54204.54909525 51.01 311.533844  -5.412474 21.290
 57    93.640 54204.54909590 52.56 311.533104  -5.415784 21.290
 58    90.615 54239.54912822 49.29 311.536956  -5.407396 18.068
 58    90.671 54239.54912886 49.95 311.536226  -5.410696 18.068
 58    90.575 54239.54912951 50.39 311.535486  -5.414006 18.068
 59    88.514 54274.54914555 36.84 311.536746  -5.407523 20.068
 59    88.585 54274.54914619 39.72 311.536016  -5.410823 20.068
 59    88.570 54274.54914684 46.01 311.535276  -5.414133 20.068
 61    87.944 54344.54912280 31.85 311.538740  -5.403872 14.450
 61    87.753 54344.54912345 31.53 311.538010  -5.407172 14.450
 61    87.473 54344.54912409 25.90 311.537280  -5.410482 14.450
 61    87.496 54344.54912474 29.81 311.536550  -5.413782 14.450
 62    87.599 54379.54908280 32.03 311.536480  -5.405342 15.294
 62    87.455 54379.54908345 33.14 311.535750  -5.408652 15.294
 62    87.416 54379.54908409 27.31 311.535020  -5.411952 15.294
 62    86.863 54379.54908474 24.50 311.534290  -5.415252 15.294
 63    88.001 54414.54907216 27.20 311.536131  -5.407813 13.627
 63    87.275 54414.54907280 23.69 311.535401  -5.411113 13.627
 64    88.381 54449.54905036 48.30 311.535599  -5.407226 20.047
 64    88.524 54449.54905100 49.17 311.534869  -5.410526 20.047
 64    88.364 54449.54905164 52.40 311.534139  -5.413826 20.047
 64    88.145 54449.54905229 52.00 311.533399  -5.417136 20.047
 65    89.411 54484.54906645 47.19 311.538109  -5.406365 12.554
 65    89.415 54484.54906709 48.26 311.537379  -5.409675 12.554
 65    89.296 54484.54906774 49.31 311.536649  -5.412975 12.554
 65    89.408 54484.54906838 46.95 311.535919  -5.416285 12.554
 66    91.425 54519.54906382 40.12 311.537166  -5.406570 14.169
 66    91.278 54519.54906446 35.62 311.536436  -5.409870 14.169
 66    91.358 54519.54906511 35.82 311.535696  -5.413180 14.169
 66    91.216 54519.54906575 38.78 311.534966  -5.416480 14.169
 67    93.270 54554.54907774 43.21 311.536527  -5.407040 15.769
 67    93.172 54554.54907838 44.56 311.535797  -5.410340 15.769
 67    93.116 54554.54907903 44.32 311.535067  -5.413640 15.769
 67    93.605 54554.54907967 39.67 311.534337  -5.416950 15.769
 68    92.925 54589.54905939 48.01 311.536017  -5.407209 18.734
 68    92.979 54589.54906003 49.68 311.535287  -5.410509 18.734
 68    92.937 54589.54906068 49.45 311.534557  -5.413809 18.734
 68    93.042 54589.54906132 47.66 311.533817  -5.417119 18.734
 69    90.067 54624.54907684 48.66 311.536294  -5.406540 19.897
 69    89.805 54624.54907748 49.33 311.535564  -5.409850 19.897
 69    89.897 54624.54907813 53.05 311.534834  -5.413150 19.897
 69    89.479 54624.54907877 53.50 311.534094  -5.416460 19.897
 70    88.146 54659.54908549 27.47 311.534073  -5.408146 17.950
 70    88.013 54659.54908613 22.23 311.533343  -5.411456 17.950
 70    88.453 54659.54908678 25.97 311.532613  -5.414756 17.950
 70    88.047 54659.54908742 39.29 311.531883  -5.418056 17.950
 71    87.583 54694.54906468 33.64 311.537278  -5.406788 14.799
 71    87.491 54694.54906533 25.40 311.536548  -5.410088 14.799
 71    87.776 54694.54906597 26.96 311.535818  -5.413398 14.799
 71    87.572 54694.54906662 36.04 311.535088  -5.416698 14.799
 72    87.419 54729.54903979 27.22 311.536613  -5.406300 14.534
 72    87.330 54729.54904043 25.25 311.535883  -5.409610 14.534
 72    87.065 54729.54904108 24.21 311.535153  -5.412910 14.534
 72    86.891 54729.54904172 23.65 311.534413  -5.416220 14.534
 73    87.423 54764.54904357 33.29 311.535901  -5.406908 16.024
 73    87.452 54764.54904421 31.86 311.535171  -5.410208 16.024
 73    87.472 54764.54904485 31.77 311.534441  -5.413518 16.024
 73    87.189 54764.54904550 38.10 311.533711  -5.416818 16.024
 74    88.164 54799.54903331 46.86 311.535060  -5.406579 19.933
 74    88.169 54799.54903395 50.16 311.534330  -5.409879 19.933
 74    88.430 54799.54903459 51.07 311.533600  -5.413189 19.933
 74    88.066 54799.54903524 50.18 311.532860  -5.416489 19.933
 75    90.267 54834.54903368 41.15 311.536420  -5.405190 15.416
 75    90.293 54834.54903433 29.70 311.535690  -5.408490 15.416
 75    89.874 54834.54903497 25.25 311.534960  -5.411790 15.416
 75    90.295 54834.54903562 25.47 311.534230  -5.415100 15.416
 76    91.211 54869.54903074 48.59 311.536313  -5.406621 20.011
 76    90.978 54869.54903138 50.90 311.535573  -5.409931 20.011
 76    90.998 54869.54903203 51.83 311.534853  -5.413231 20.011
 76    90.845 54869.54903267 51.45 311.534113  -5.416541 20.011
 77    92.249 54904.54904342 45.56 311.534461  -5.407475 20.569
 77    92.221 54904.54904407 43.50 311.533731  -5.410775 20.569
 77    92.427 54904.54904471 41.30 311.533001  -5.414085 20.569
 77    92.160 54904.54904536 44.22 311.532271  -5.417385 20.569
 78    92.833 54939.54902131 49.37 311.535907  -5.407758 19.880
 78    92.636 54939.54902196 50.10 311.535177  -5.411068 19.880
 78    92.645 54939.54902260 51.35 311.534447  -5.414368 19.880
 79    94.022 54974.54905171 51.11 311.535974  -5.405201 22.158
 79    93.816 54974.54905236 49.77 311.535244  -5.408511 22.158
 79    94.012 54974.54905300 50.97 311.534514  -5.411811 22.158
 79    93.962 54974.54905365 53.01 311.533774  -5.415121 22.158
 80    89.525 55009.54906550 44.97 311.535176  -5.407700 19.765
 80    89.496 55009.54906615 46.45 311.534446  -5.411000 19.765
 80    89.498 55009.54906679 49.67 311.533716  -5.414310 19.765
 80    89.499 55009.54906744 43.92 311.532986  -5.417610 19.765
 81    88.473 55044.54905464 27.92 311.537217  -5.404915 11.532
 81    88.045 55044.54905529 25.05 311.536487  -5.408215 11.532
 81    87.891 55044.54905593 18.93 311.535757  -5.411515 11.532
 81    92.627 55044.54905658 17.57 311.535027  -5.414825 11.532
 82    87.637 55079.54903155 51.84 311.536836  -5.407725 17.496
 82    87.674 55079.54903219 49.93 311.536106  -5.411035 17.496
 82    87.761 55079.54903284 49.35 311.535376  -5.414335 17.496
 83    87.984 55114.54898819 50.79 311.536199  -5.407754 19.207
 83    87.671 55114.54898884 46.71 311.535469  -5.411064 19.207
 83    87.545 55114.54898948 45.35 311.534739  -5.414364 19.207
 84    88.859 55149.54898783 28.91 311.534991  -5.407514 12.801
 84    88.746 55149.54898848 18.00 311.534261  -5.410814 12.801
 84    88.528 55149.54898912 16.05 311.533531  -5.414124 12.801
 84    88.207 55149.54898977 17.78 311.532801  -5.417424 12.801
 85    89.953 55184.54897096 42.72 311.535473  -5.406910 20.459
 85    90.091 55184.54897160 44.37 311.534743  -5.410210 20.459
 85    90.067 55184.54897225 50.41 311.534013  -5.413520 20.459
 85    89.821 55184.54897289 50.67 311.533283  -5.416820 20.459
 86    92.015 55219.54898582 46.43 311.535389  -5.406594 18.229
 86    91.935 55219.54898647 53.10 311.534659  -5.409894 18.229
 86    91.985 55219.54898711 52.12 311.533929  -5.413204 18.229
 86    91.819 55219.54898776 51.10 311.533199  -5.416504 18.229
 87    92.524 55254.54896737 45.23 311.537072  -5.407405 16.784
 87    92.706 55254.54896801 44.75 311.536342  -5.410715 16.784
 87    92.696 55254.54896866 46.34 311.535612  -5.414015 16.784
 88    92.574 55289.54897460 40.37 311.535925  -5.406945 14.433
 88    92.757 55289.54897524 35.24 311.535195  -5.410255 14.433
 88    92.905 55289.54897588 39.35 311.534465  -5.413555 14.433
 88    92.828 55289.54897653 38.47 311.533735  -5.416855 14.433
 89    91.672 55324.54895355 46.44 311.534453  -5.406941 13.792
 89    91.745 55324.54895420 46.67 311.533723  -5.410251 13.792
 89    91.528 55324.54895484 44.92 311.532993  -5.413551 13.792
 89    91.758 55324.54895549 43.24 311.532263  -5.416851 13.792
 90    89.073 55359.54895177 50.22 311.535676  -5.406237 17.744
 90    89.054 55359.54895241 50.07 311.534946  -5.409547 17.744
 90    89.014 55359.54895306 53.50 311.534216  -5.412847 17.744
 90    88.818 55359.54895370 52.96 311.533486  -5.416147 17.744
 91    88.028 55394.54895590 43.61 311.535814  -5.406650 17.169
 91    88.043 55394.54895654 43.92 311.535084  -5.409960 17.169
 91    88.044 55394.54895719 44.82 311.534354  -5.413260 17.169
 91    87.673 55394.54895783 48.29 311.533614  -5.416570 17.169
 92    87.876 55429.54896656 36.53 311.537967  -5.404632 16.705
 92    87.699 55429.54896720 39.69 311.537237  -5.407942 16.705
 92    87.601 55429.54896784 43.84 311.536507  -5.411242 16.705
 92    87.631 55429.54896849 43.14 311.535777  -5.414542 16.705
 93    87.958 55464.54892923 29.87 311.539358  -5.403520 11.841
 93    87.659 55464.54892988 29.01 311.538628  -5.406820 11.841
 93    87.285 55464.54893052 21.68 311.537898  -5.410130 11.841
 93    87.029 55464.54893116 23.39 311.537168  -5.413430 11.841
