#    0.000   0.000   0.000 ;Mean Elev.(m), Avg Gradient(m/km), RMS Gradient(m/km) - SRTM1     
#    0.000   0.000   0.000 ;Mean Elev.(m), Avg Gradient(m/km), RMS Gradient(m/km) - ASTER GDEM
#  126.367  -0.065   7.935 ;Mean Elev.(m), Avg Gradient(m/km), RMS Gradient(m/km) - GMTED2010 
  6 311.243825  -6.707244   125.419   125.747  6 52419.54934469 37.889
  7 311.243554  -6.708422   123.404   123.359  6 52454.54936977 46.870
  8 311.254327  -6.699487   122.306   122.353  7 52489.54934455 23.495
  9 311.249163  -6.704453   122.440   122.505  6 52524.54932266 47.359
 10 311.244756  -6.708156   122.632   122.462  7 52559.54937296 24.285
 11 311.241021  -6.709406   122.747   122.682  5 52594.54937789 44.063
 12 311.252338  -6.702031   123.332   123.284  7 52629.54930591 48.858
 13 311.246427  -6.706028   125.975   125.969  6 52664.54933867 40.903
 14 311.254542  -6.699143   127.622   127.509  7 52699.54931082 47.256
 15 311.256560  -6.697065   128.896   128.835  7 52734.54933900 47.517
 16 311.247950  -6.704988   127.784   127.797  7 52769.54933371 51.004
 17 311.246332  -6.707374   124.626   124.674  7 52804.54936550 47.832
 18 311.249801  -6.703773   124.159   124.310  6 52839.54942674 23.950
 19 311.248925  -6.703644   122.643   122.638  7 52874.54946616 48.479
 20 311.255933  -6.697522   123.905   123.920  7 52909.54943988 24.552
 21 311.256462  -6.696680   122.257   122.164  7 52944.54937689 32.813
 22 311.249930  -6.702515   124.089   124.110  7 52979.54943032 41.043
 23 311.246394  -6.706234   125.155   125.092  7 53014.54942844 24.762
 24 311.248973  -6.704013   129.312   129.302  7 53049.54940102 50.916
 25 311.240584  -6.708688   130.517   130.498  4 53084.54943792 49.669
 26 311.244435  -6.708562   130.419   130.409  7 53119.54940759 51.069
 27 311.241613  -6.708930   126.185   126.005  5 53154.54945990 42.770
 28 311.256441  -6.696989   123.584   123.572  6 53189.54944706 50.836
 29 311.252406  -6.700303   122.814   122.751  7 53224.54946016 44.835
 30 311.244434  -6.708318   122.623   122.513  7 53259.54943676 23.046
 31 311.239075  -6.709143   122.320   122.479  4 53294.54946335 28.363
 32 311.250295  -6.703089   123.582   123.018  7 53329.54943516 22.693
 33 311.253923  -6.699619   124.821   124.986  6 53364.54938522 46.432
 34 311.246904  -6.707100   127.886   127.871  7 53399.54941095 26.838
 35 311.252031  -6.702109   127.463   127.604  7 53434.54940019 33.385
 36 311.245638  -6.707017   128.738   128.821  6 53469.54944454 32.243
 37 311.243605  -6.708276   127.393   127.500  6 53504.54948688 25.571
 38 311.246821  -6.706052   124.511   124.614  6 53539.54948559 48.451
 39 311.244637  -6.708738   123.459   123.204  6 53574.54948281 34.536
 40 311.247543  -6.706476   122.331   122.342  7 53609.54943233 24.071
 41 311.247576  -6.705084   122.294   122.307  7 53644.54943490 46.442
 42 311.242366  -6.709457   122.357   122.454  6 53679.54945360 50.026
 43 311.253737  -6.699615   125.650   125.751  6 53714.54937954 26.903
 44 311.254342  -6.698775   126.807   126.815  7 53749.54929485 47.248
 45 311.254108  -6.698965   127.008   127.027  7 53784.54932539 48.912
 46 311.254104  -6.699638   127.349   127.329  7 53819.54928574 45.427
 47 311.243039  -6.709392   129.414   129.451  6 53854.54936940 48.590
 48 311.257592  -6.695853   126.964   127.004  6 53889.54937538 21.088
 49 311.237413  -6.709700   123.780   123.805  4 53924.54944478 48.429
 50 311.241078  -6.708386   124.242   123.545  5 53959.54943478 20.821
 51 311.251217  -6.702053   122.259   122.361  6 53994.54936586 30.070
 52 311.250548  -6.703247   122.522   122.583  7 54029.54942457 49.541
 53 311.253087  -6.701321   123.793   123.798  7 54064.54941809 49.108
 54 311.249098  -6.704712   125.309   125.273  7 54099.54938423 49.326
 55 311.248601  -6.704145   125.862   125.840  7 54134.54934310 46.022
 57 311.247277  -6.705996   128.706   128.719  6 54204.54934765 49.629
 58 311.250119  -6.702558   125.124   125.075  7 54239.54938093 41.463
 59 311.249931  -6.702647   123.540   123.557  7 54274.54939826 47.436
 61 311.251291  -6.702363   122.229   122.240  7 54344.54937616 22.487
 62 311.248855  -6.703796   122.346   122.400  7 54379.54933616 41.596
 63 311.248975  -6.704647   122.292   122.253  6 54414.54932520 26.018
 64 311.247937  -6.705677   123.040   123.127  7 54449.54930371 47.144
 65 311.251280  -6.701531   123.829   123.820  7 54484.54931916 40.311
 66 311.249900  -6.703373   126.335   126.248  6 54519.54931685 38.815
 67 311.249415  -6.703882   128.147   128.171  6 54554.54933077 43.520
 68 311.248422  -6.705651   128.005   128.044  7 54589.54931275 40.998
 69 311.248764  -6.704980   124.797   124.716  7 54624.54933019 34.553
 70 311.246512  -6.706612   124.423   124.477  7 54659.54933884 20.118
 71 311.250509  -6.701960   123.295   122.645  7 54694.54931740 22.191
 72 311.248989  -6.704725   122.087   122.147  7 54729.54929314 25.411
 73 311.248344  -6.705365   122.271   122.298  7 54764.54929692 34.209
 74 311.247392  -6.705054   123.277   123.272  7 54799.54928666 29.315
 75 311.248880  -6.703650   124.890   124.967  7 54834.54928704 34.835
 76 311.248656  -6.705042   126.303   126.336  7 54869.54928410 47.340
 77 311.246995  -6.705980   127.581   127.674  7 54904.54929678 33.410
 78 311.248658  -6.704585   127.200   127.197  6 54939.54927435 49.537
 79 311.248764  -6.701986   128.299   128.320  4 54974.54930475 28.091
 80 311.247652  -6.706156   124.622   124.692  7 55009.54931886 48.825
 81 311.249647  -6.703387   124.926   124.836  7 55044.54930800 23.052
 82 311.250102  -6.702884   123.385   123.566  7 55079.54928426 24.195
 83 311.248955  -6.704536   122.400   122.465  6 55114.54924123 30.984
 84 311.247438  -6.706000   123.990   124.026  7 55149.54924119 48.900
 85 311.247819  -6.705360   125.439   125.499  7 55184.54922432 48.611
 86 311.247872  -6.705039   126.869   126.853  7 55219.54923918 47.029
 87 311.250172  -6.702573   127.547   127.499  7 55254.54922008 41.348
 88 311.248463  -6.705463   127.944   127.946  7 55289.54922795 43.033
 89 311.246531  -6.707034   126.810   126.788  6 55324.54920723 42.577
 90 311.248151  -6.704685   123.730   123.632  7 55359.54920513 46.594
 91 311.248197  -6.705121   122.842   123.009  7 55394.54920926 42.968
 92 311.250402  -6.703096   122.144   122.147  7 55429.54921991 38.005
 93 311.251923  -6.701978   121.986   121.902  7 55464.54918259 25.141
