#    0.000   0.000   0.000 ;Mean Elev.(m), Avg Gradient(m/km), RMS Gradient(m/km) - SRTM1     
#    0.000   0.000   0.000 ;Mean Elev.(m), Avg Gradient(m/km), RMS Gradient(m/km) - ASTER GDEM
#   81.017  -0.734   2.490 ;Mean Elev.(m), Avg Gradient(m/km), RMS Gradient(m/km) - GMTED2010 
  7 310.825602  -5.348392    72.544    72.492  3 52473.55110569 25.594
  8 310.831118  -5.350232    69.543    69.141  3 52508.55107404 19.940
  9 310.836343  -5.348320    70.712    70.733  4 52543.55106301 31.070
 10 310.826359  -5.348663    72.656    71.549  3 52578.55111001 24.089
 11 310.827039  -5.349453    72.032    71.986  3 52613.55107581 26.390
 12 310.831851  -5.349176    74.271    74.336  3 52648.55105737 30.178
 13 310.837007  -5.348434    76.018    76.007  4 52683.55103423 46.987
 14 310.827407  -5.348730  -131.179  -131.179  2 52718.55109045 26.392
 15 310.818058  -5.349968    78.852    78.872  3 52753.55111541 28.587
 16 310.827997  -5.350256    75.641    75.640  3 52788.55106150 35.138
 17 310.830218  -5.349078    73.714    73.714  2 52823.55113250 22.201
 18 310.833002  -5.347763    72.345    72.529  3 52858.55117866 27.895
 19 310.826706  -5.349339    71.161    71.161  2 52893.55121067 19.015
 20 310.827585  -5.349621    71.127    71.104  3 52928.55116142 33.901
 21 310.834518  -5.348995    72.856    72.746  4 52963.55114170 38.032
 22 310.824755  -5.349460    73.544    73.544  2 52998.55117985 42.678
 23 310.827988  -5.349937    78.122    78.133  3 53033.55113363 30.376
 24 310.831537  -5.348266    82.074    82.057  3 53068.55114766 36.124
 25 310.827579  -5.348390    81.616    81.567  3 53103.55113518 35.489
 26 310.832574  -5.349456    78.025    78.028  3 53138.55115167 27.207
 27 310.828491  -5.348178    74.991    75.007  3 53173.55119333 34.452
 28 310.827920  -5.349289    73.353    73.353  2 53208.55120973 21.405
 29 310.832588  -5.348542    71.307    71.216  3 53243.55117692 24.774
 30 310.828765  -5.348875    71.161    71.142  3 53278.55115436 19.816
 31 310.828086  -5.349239    71.631    71.533  3 53313.55118238 24.074
 32 310.832366  -5.349458    73.374    73.385  3 53348.55114806 35.540
 33 310.830110  -5.348485    74.058    74.098  3 53383.55111809 38.097
 34 310.838159  -5.348091    77.591    77.604  4 53418.55112724 30.675
 35 310.831387  -5.350140    80.949    80.851  3 53453.55113182 28.830
 36 310.821980  -5.349439    77.747    77.665  3 53488.55121681 28.639
 37 310.833059  -5.348455    75.765    75.648  3 53523.55120465 33.951
 38 310.822780  -5.349053    73.918    73.960  3 53558.55123159 35.994
 39 310.837302  -5.349310    72.196    72.177  4 53593.55116851 25.463
 40 310.823183  -5.348285    71.226    71.217  3 53628.55116034 28.171
 41 310.826502  -5.349189    74.004    71.260  3 53663.55118514 25.615
 42 310.831079  -5.349854    72.514    72.561  3 53698.55114599 42.954
 43 310.835081  -5.349330    75.512    75.462  4 53733.55106817 47.623
 44 310.835670  -5.349051    75.492    75.491  3 53768.55104897 47.625
 45 310.834656  -5.348739    77.382    77.385  4 53803.55104610 32.986
 46 310.828660  -5.349039    80.849    80.849  2 53838.55106297 27.640
 47 310.830960  -5.347834    79.891    79.793  3 53873.55111113 33.289
 48 310.825032  -5.349368    74.769    74.682  3 53908.55115450 28.801
 49 310.820705  -5.348707    73.632    72.849  3 53943.55117890 17.963
 50 310.828436  -5.348745    71.174    71.174  2 53978.55112967 21.985
 51 310.830800  -5.350175    71.320    71.389  3 54013.55114071 16.991
 52 310.836903  -5.348393    73.005    73.045  4 54048.55114827 37.629
 54 310.831136  -5.349333    75.180    75.214  3 54118.55107027 34.839
 55 310.829023  -5.348567    79.342    79.340  3 54153.55109544 36.637
 56 310.830925  -5.349422    79.457    79.430  3 54188.55106525 31.473
 57 310.828823  -5.349186    77.295    77.295  2 54223.55110500 29.136
 58 310.830164  -5.350141    74.350    74.326  3 54258.55112689 30.948
 59 310.831341  -5.348414    72.712    72.761  3 54293.55112994 25.442
 60 310.832479  -5.349370    77.918    75.305  3 54328.55112458 14.916
 61 310.831153  -5.349599    71.229    71.154  3 54363.55107219 25.154
 62 310.831954  -5.349130    71.310    71.469  3 54398.55106495 18.586
 63 310.832003  -5.350287    71.643    71.540  3 54433.55102303 31.672
 64 310.832518  -5.348006    73.122    73.112  3 54468.55104730 32.252
 66 310.832271  -5.347728    77.909    77.942  3 54538.55106250 38.279
 67 310.832457  -5.347566    79.356    79.292  3 54573.55103850 35.056
 68 310.830641  -5.347769    77.212    77.175  3 54608.55105552 25.753
 69 310.830295  -5.347694    74.341    74.322  3 54643.55106397 42.860
 70 310.829400  -5.349236    71.930    71.930  2 54678.55106563 29.781
 71 310.833129  -5.347936    71.124    71.033  3 54713.55101798 30.451
 72 310.829057  -5.350291    71.224    71.241  3 54748.55103590 25.478
 73 310.831885  -5.348010    71.310    71.303  3 54783.55100570 25.068
 74 310.830765  -5.348492    73.926    73.927  3 54818.55102742 28.905
 75 310.831736  -5.348513    74.840    74.806  3 54853.55100284 28.007
 76 310.828699  -5.349067    78.389    78.412  3 54888.55103288 25.190
 77 310.829649  -5.348838    78.068    78.014  3 54923.55100226 29.562
 78 310.828743  -5.350349    81.195    81.150  3 54958.55102932 29.139
 79 310.827920  -5.348171    76.927    76.895  3 54993.55105188 28.908
 80 310.830472  -5.350087    73.360    73.298  3 55028.55104219 28.688
 81 310.831249  -5.349087    71.717    71.678  3 55063.55103364 35.976
 82 310.829844  -5.350227    71.159    70.905  3 55098.55098033 26.535
 83 310.829823  -5.349056    70.969    70.969  2 55133.55097834 27.376
 84 310.832452  -5.348852    73.328    73.331  4 55168.55094269 31.091
 85 310.829590  -5.349355    77.471    77.478  3 55203.55097091 33.795
 86 310.829873  -5.350362    77.954    77.980  3 55238.55095102 29.965
 87 310.830291  -5.348932    77.886    77.886  2 55273.55096429 29.254
 88 310.832223  -5.348232    79.523    79.385  3 55308.55093249 30.772
 89 310.831361  -5.350096    74.328    74.422  3 55343.55093347 29.210
 90 310.831457  -5.347480    73.187    73.200  3 55378.55092745 32.198
 91 310.830669  -5.349706    71.297    71.311  3 55413.55095217 20.795
 92 310.831699  -5.349526    70.953    70.975  3 55448.55094121 31.834
 93 310.832272  -5.350260    70.961    70.922  3 55483.55086930 28.151
