#    0.000   0.000   0.000 ;Mean Elev.(m), Avg Gradient(m/km), RMS Gradient(m/km) - SRTM1     
#    0.000   0.000   0.000 ;Mean Elev.(m), Avg Gradient(m/km), RMS Gradient(m/km) - ASTER GDEM
#  138.527  -2.253   6.167 ;Mean Elev.(m), Avg Gradient(m/km), RMS Gradient(m/km) - GMTED2010 
  8 310.738996  -7.353562   134.048   134.061  5 52497.05663684 50.489
  9 310.735586  -7.356715   133.732   133.715  5 52532.05662291 48.929
 10 310.740651  -7.350552   133.802   133.807  5 52567.05664702 50.800
 11 310.733488  -7.362163   134.264   134.249  5 52602.05665119 44.157
 12 310.735426  -7.357614   134.917   134.921  4 52637.05661951 52.368
 13 310.735843  -7.357588   137.399   137.463  5 52672.05662312 25.596
 14 310.737840  -7.353883   138.278   138.261  5 52707.05662539 52.042
 15 310.733700  -7.360508   139.454   139.471  6 52742.05665569 48.285
 16 310.738905  -7.353778   137.582   137.616  5 52777.05659887 52.305
 17 310.734883  -7.357773   134.568   134.614  5 52812.05667719 31.735
 18 310.736817  -7.356727   134.145   134.160  5 52847.05673202 50.201
 19 310.734613  -7.358154   133.840   133.794  5 52882.05676834 51.011
 20 310.737991  -7.353271   133.748   133.727  4 52917.05672613 51.466
 21 310.741483  -7.349784   134.257   134.238  5 52952.05668790 50.753
 22 310.742952  -7.347493   134.945   134.955  5 52987.05670373 51.598
 23 310.739992  -7.350988   136.403   136.444  5 53022.05669202 40.064
 24 310.742164  -7.348141   140.180   140.189  4 53057.05668417 52.984
 25 310.730699  -7.365173   141.263   141.186  5 53092.05671873 27.884
 26 310.739680  -7.351350   140.319   140.307  5 53127.05669210 52.049
 27 310.732500  -7.362389   135.878   135.883  6 53162.05675389 50.739
 28 310.738096  -7.354349   134.487   134.465  4 53197.05675435 52.547
 29 310.742108  -7.349379   134.034   134.014  4 53232.05673448 51.620
 30 310.735084  -7.357129   133.707   133.660  5 53267.05670225 47.549
 31 310.730145  -7.362910   134.079   134.081  5 53302.05675478 51.678
 32 310.736318  -7.356038   134.847   134.826  5 53337.05672600 53.221
 33 310.737847  -7.353635   134.297   134.336  4 53372.05666197 18.579
 35 310.736599  -7.356288   139.370   139.358  4 53442.05668420 44.080
 36 310.732810  -7.359492   139.172   139.103  5 53477.05675369 42.152
 37 310.736397  -7.355604   136.976   136.995  5 53512.05676720 52.310
 38 310.732949  -7.361271   134.721   134.709  5 53547.05678385 51.232
 39 310.736720  -7.356149   133.989   133.972  5 53582.05675487 50.679
 40 310.734000  -7.359733   133.591   133.552  5 53617.05670971 50.548
 41 310.737648  -7.355250   133.552   133.543  5 53652.05672753 51.884
 42 310.734011  -7.361142   133.641   133.685  5 53687.05673023 47.657
 43 310.738684  -7.354201   135.201   135.206  5 53722.05665697 52.321
 44 310.743137  -7.346788   137.431   137.432  5 53757.05659043 51.195
 45 310.739916  -7.351070   136.873   136.870  4 53792.05661473 46.491
 46 310.741172  -7.349582   138.300   138.297  4 53827.05657964 49.669
 47 310.734606  -7.358324   139.973   139.984  5 53862.05666595 51.515
 48 310.737728  -7.354216   135.851   135.871  4 53897.05668790 50.006
 49 310.728682  -7.364047   134.596   134.630  4 53932.05673576 51.260
 50 310.732267  -7.363895   133.944   134.006  5 53967.05671028 49.509
 51 310.739656  -7.350785   133.698   133.698  5 54002.05667662 49.895
 52 310.739220  -7.352119   134.077   134.058  5 54037.05671510 51.357
 53 310.738286  -7.354775   134.919   134.969  5 54072.05670851 51.913
 54 310.735329  -7.356488   135.752   135.681  5 54107.05665853 47.966
 55 310.737148  -7.356197   137.529   137.501  5 54142.05664316 51.208
 56 310.735947  -7.356471   139.731   139.738  4 54177.05664069 51.269
 57 310.736206  -7.356156   138.746   138.750  5 54212.05664987 52.323
 58 310.736650  -7.356110   135.192   135.193  5 54247.05667975 50.199
 60 310.738035  -7.353157   133.864   133.811  5 54317.05668808 51.511
 61 310.737040  -7.355768   133.608   133.625  5 54352.05665392 50.931
 62 310.738176  -7.354797   133.502   133.531  5 54387.05662717 50.213
 63 310.736490  -7.356497   133.769   133.758  4 54422.05660336 51.379
 64 310.738440  -7.354023   134.355   134.359  4 54457.05660070 46.035
 65 310.737532  -7.354611   135.266   135.272  4 54492.05660602 53.187
 66 310.738656  -7.352078   137.247   137.249  5 54527.05661370 52.320
 67 310.736432  -7.356693   138.947   138.975  4 54562.05661380 38.845
 68 310.736705  -7.355436   138.124   138.076  4 54597.05660951 28.349
 69 310.736008  -7.356456   134.948   134.953  5 54632.05662254 50.706
 70 310.735880  -7.357670   134.198   134.184  5 54667.05662796 50.812
 71 310.737615  -7.354301   133.776   133.752  5 54702.05659597 43.941
 72 310.737237  -7.354126   133.623   133.536  5 54737.05658938 43.097
 73 310.737702  -7.353942   133.761   133.757  5 54772.05657630 35.584
 74 310.736620  -7.355416   134.440   134.506  5 54807.05658215 43.888
 75 310.737257  -7.355154   136.100   136.072  4 54842.05657299 52.451
 76 310.736385  -7.356809   136.838   136.830  4 54877.05658404 52.036
 77 310.735417  -7.357599   138.078   138.146  5 54912.05657686 51.161
 78 310.735886  -7.357378   138.353   138.361  5 54947.05657671 49.300
 79 310.735588  -7.356391   138.154   138.121  4 54982.05660299 51.006
 80 310.737096  -7.355289   134.943   134.933  4 55017.05660247 52.241
 81 310.737482  -7.353656   134.171   134.195  5 55052.05659796 50.574
 82 310.735964  -7.356811   133.922   133.926  4 55087.05656147 50.491
 83 310.738259  -7.352923   134.147   134.156  5 55122.05653269 50.773
 84 310.736039  -7.357082   135.063   135.031  5 55157.05652114 51.217
 85 310.737098  -7.355927   138.362   136.394  4 55192.05652196 15.774
 86 310.736086  -7.356617   137.870   137.829  5 55227.05652254 51.530
 87 310.737710  -7.354152   137.958   137.963  4 55262.05651729 51.897
 89 310.735580  -7.357881   136.037   136.027  4 55332.05649742 51.769
 90 310.737217  -7.355042   134.560   134.552  4 55367.05648990 50.621
 91 310.737597  -7.355357   134.038   134.016  5 55402.05650380 46.611
 92 310.738107  -7.354153   133.794   133.771  5 55437.05650784 51.097
 93 310.736971  -7.355482   133.521   133.467  4 55472.05645767 30.703
