#    0.000   0.000   0.000 ;Mean Elev.(m), Avg Gradient(m/km), RMS Gradient(m/km) - SRTM1     
#    0.000   0.000   0.000 ;Mean Elev.(m), Avg Gradient(m/km), RMS Gradient(m/km) - ASTER GDEM
#   96.386  -2.892   8.840 ;Mean Elev.(m), Avg Gradient(m/km), RMS Gradient(m/km) - GMTED2010 
  7    92.908 52459.05296914 33.87 311.813882  -5.723630 17.375
  7    92.270 52459.05296979 37.43 311.813152  -5.720330 17.375
  9    91.760 52529.05293607 35.34 311.813399  -5.723266 21.388
  9    91.789 52529.05293671 35.13 311.812669  -5.719956 21.388
 11    92.678 52599.05298877 45.91 311.805777  -5.724906 18.495
 11    92.564 52599.05298941 52.56 311.805047  -5.721606 18.495
 11    92.426 52599.05299006 51.98 311.804317  -5.718306 18.495
 11    92.447 52599.05299070 48.91 311.803587  -5.714996 18.495
 12    92.998 52634.05294046 50.74 311.810788  -5.723479 23.254
 12    92.993 52634.05294111 50.99 311.810058  -5.720179 23.254
 13    95.424 52669.05295342 52.93 311.810523  -5.724247 21.016
 13    95.496 52669.05295406 51.23 311.809793  -5.720947 21.016
 15    99.276 52739.05297400 47.35 311.811444  -5.723229 20.109
 15    99.151 52739.05297464 46.37 311.810714  -5.719929 20.109
 17    93.285 52809.05299657 54.44 311.809927  -5.723475 25.199
 17    93.363 52809.05299721 52.87 311.809197  -5.720175 25.199
 18    92.378 52844.05305335 49.42 311.812261  -5.724182 24.702
 18    92.417 52844.05305400 53.32 311.811531  -5.720882 24.702
 19    92.061 52879.05309145 52.43 311.810272  -5.723409 25.452
 19    92.013 52879.05309209 52.38 311.809542  -5.720109 25.452
 23    94.570 53019.05302898 50.87 311.813012  -5.723621 17.565
 23    94.565 53019.05302962 47.82 311.812282  -5.720311 17.565
 25   101.398 53089.05304980 46.43 311.804390  -5.726793 22.788
 25   100.965 53089.05305044 52.38 311.803660  -5.723493 22.788
 25   101.147 53089.05305109 51.31 311.802930  -5.720193 22.788
 25   101.023 53089.05305173 51.39 311.802200  -5.716883 22.788
 26   100.390 53124.05302054 49.74 311.813195  -5.723485 22.306
 26   100.239 53124.05302118 46.25 311.812465  -5.720185 22.306
 27    95.479 53159.05307954 48.84 311.806165  -5.725755 20.164
 27    95.350 53159.05308019 49.73 311.805435  -5.722445 20.164
 27    95.368 53159.05308083 51.69 311.804705  -5.719145 20.164
 27    95.432 53159.05308148 51.09 311.803975  -5.715845 20.164
 30    92.030 53264.05303892 49.16 311.809660  -5.725225 25.643
 30    92.065 53264.05303957 52.47 311.808930  -5.721925 25.643
 30    92.151 53264.05304021 50.56 311.808200  -5.718615 25.643
 31    92.667 53299.05308260 41.12 311.803193  -5.724854 14.056
 31    92.456 53299.05308325 34.09 311.802463  -5.721544 14.056
 31    92.341 53299.05308389 45.56 311.801733  -5.718244 14.056
 32    92.520 53334.05305298 46.63 311.812530  -5.725255 18.448
 32    92.543 53334.05305363 50.89 311.811800  -5.721945 18.448
 32    92.550 53334.05305427 50.90 311.811070  -5.718645 18.448
 33    93.246 53369.05299460 45.68 311.814096  -5.723635 18.426
 33    93.206 53369.05299525 45.51 311.813366  -5.720325 18.426
 34    96.257 53404.05302564 33.77 311.813601  -5.725280 11.342
 34    95.910 53404.05302628 35.20 311.812871  -5.721980 11.342
 34    96.036 53404.05302693 35.08 311.812141  -5.718670 11.342
 35    99.181 53439.05301401 49.42 311.812583  -5.722923 19.712
 35    98.634 53439.05301466 50.06 311.811853  -5.719623 19.712
 36    98.562 53474.05307326 46.32 311.808263  -5.723646 23.391
 36    98.464 53474.05307391 50.32 311.807533  -5.720346 23.391
 36    98.608 53474.05307455 50.28 311.806803  -5.717046 23.391
 37    96.741 53509.05309435 46.63 311.811510  -5.725354 18.399
 37    96.669 53509.05309500 54.82 311.810780  -5.722044 18.399
 37    96.659 53509.05309564 49.78 311.810050  -5.718744 18.399
 38    93.511 53544.05310826 51.61 311.807732  -5.723124 24.676
 38    93.323 53544.05310891 52.48 311.807002  -5.719824 24.676
 38    93.394 53544.05310955 51.71 311.806272  -5.716524 24.676
 39    92.286 53579.05308815 51.43 311.810906  -5.724538 21.194
 39    92.240 53579.05308880 54.14 311.810176  -5.721238 21.194
 40    91.993 53614.05304156 44.63 311.809205  -5.725573 18.070
 40    92.375 53614.05304221 49.55 311.808475  -5.722273 18.070
 40    92.003 53614.05304285 50.82 311.807745  -5.718973 18.070
 40    91.915 53614.05304350 50.23 311.807015  -5.715663 18.070
 42    91.854 53684.05306187 34.91 311.807490  -5.726356 18.309
 42    92.348 53684.05306252 27.93 311.806760  -5.723056 18.309
 42    91.874 53684.05306316 34.96 311.806030  -5.719756 18.309
 42    91.879 53684.05306381 48.51 311.805300  -5.716446 18.309
 47    99.734 53859.05298982 49.51 311.809068  -5.724905 20.021
 47    99.880 53859.05299047 48.81 311.808328  -5.721605 20.021
 47    99.695 53859.05299111 51.68 311.807598  -5.718305 20.021
 47    99.658 53859.05299176 50.38 311.806868  -5.714995 20.021
 49    93.097 53929.05306219 48.78 311.802761  -5.727286 16.632
 49    93.171 53929.05306283 50.43 311.802031  -5.723976 16.632
 49    92.979 53929.05306347 51.84 311.801301  -5.720676 16.632
 49    93.083 53929.05306412 49.48 311.800571  -5.717366 16.632
 50    92.283 53964.05304272 49.47 311.805738  -5.725615 16.540
 50    92.701 53964.05304337 50.25 311.805000  -5.722318 15.216
 50    92.176 53964.05304401 52.37 311.804270  -5.719008 15.216
 50    92.231 53964.05304466 48.35 311.803540  -5.715708 15.216
 52    92.247 54034.05304133 43.96 311.815163  -5.723481 12.107
 52    92.725 54034.05304197 45.10 311.814423  -5.720171 12.107
 54    94.240 54104.05299143 36.76 311.811509  -5.724602 10.953
 54    94.153 54104.05299207 36.24 311.810779  -5.721292 10.953
 55    96.009 54139.05296576 47.37 311.812248  -5.723979 19.943
 55    95.889 54139.05296640 50.75 311.811508  -5.720679 19.943
 56    98.742 54174.05297065 31.08 311.811290  -5.723291 19.992
 56    99.007 54174.05297129 37.51 311.810560  -5.719991 19.992
 58    94.199 54244.05300346 51.55 311.812239  -5.723003 16.526
 58    94.197 54244.05300410 54.22 311.811509  -5.719693 16.526
 59    92.382 54279.05301608 52.19 311.812080  -5.722458 18.164
 59    92.558 54279.05301673 49.97 311.811350  -5.719148 18.164
 60    91.929 54314.05301548 47.02 311.813613  -5.722541 15.509
 60    91.920 54314.05301613 39.67 311.812883  -5.719231 15.509
 61    91.857 54349.05298524 49.78 311.812483  -5.724192 20.435
 61    91.822 54349.05298589 54.58 311.811753  -5.720892 20.435
 62    91.850 54384.05295321 50.59 311.813632  -5.723883 21.217
 62    91.859 54384.05295386 53.76 311.812902  -5.720573 21.217
 63    92.075 54419.05293471 52.40 311.811752  -5.723754 21.133
 63    92.052 54419.05293535 51.05 311.811022  -5.720454 21.133
 64    92.369 54454.05292379 52.36 311.813716  -5.724897 17.583
 64    92.409 54454.05292443 53.06 311.812986  -5.721587 17.583
 64    92.437 54454.05292508 47.92 311.812256  -5.718287 17.583
 65    93.519 54489.05293372 50.33 311.813716  -5.724331 19.687
 65    93.429 54489.05293437 53.65 311.812986  -5.721031 19.687
 66    95.534 54524.05293689 28.41 311.814331  -5.723725 16.913
 66    95.761 54524.05293754 35.15 311.813601  -5.720425 16.913
 67    98.596 54559.05294340 52.73 311.811799  -5.723205 16.602
 67    98.575 54559.05294404 50.78 311.811069  -5.719905 16.602
 68    97.822 54594.05293340 48.71 311.812054  -5.724788 20.305
 68    97.766 54594.05293404 55.62 311.811324  -5.721488 20.305
 69    93.616 54629.05294793 49.24 311.811743  -5.724096 19.329
 69    93.767 54629.05294858 50.71 311.811013  -5.720796 19.329
 70    92.388 54664.05295502 50.96 311.810185  -5.722854 23.167
 70    92.403 54664.05295567 50.70 311.809455  -5.719544 23.167
 71    92.139 54699.05292700 45.16 311.813775  -5.724968 20.317
 71    91.966 54699.05292765 54.62 311.813045  -5.721658 20.317
 71    91.879 54699.05292829 49.14 311.812315  -5.718358 20.317
 72    91.879 54734.05291277 40.05 311.812850  -5.725283 16.180
 72    91.833 54734.05291342 51.36 311.812120  -5.721983 16.180
 72    91.752 54734.05291406 50.86 311.811390  -5.718673 16.180
 73    92.055 54769.05290635 42.82 311.813678  -5.725343 20.092
 73    92.063 54769.05290699 51.75 311.812948  -5.722033 20.092
 73    92.022 54769.05290764 53.99 311.812218  -5.718733 20.092
 74    92.419 54804.05290635 51.12 311.811489  -5.723367 20.951
 74    92.578 54804.05290700 50.98 311.810759  -5.720057 20.951
 75    94.651 54839.05290088 49.38 311.813005  -5.724392 19.123
 75    94.559 54839.05290153 51.68 311.812275  -5.721092 19.123
 76    95.378 54874.05290661 25.98 311.811848  -5.723306 14.965
 76    95.565 54874.05290725 30.77 311.811108  -5.719996 14.965
 77    97.526 54909.05290678 49.91 311.810708  -5.724961 21.612
 77    97.510 54909.05290743 52.12 311.809978  -5.721651 21.612
 78    98.411 54944.05289959 48.05 311.810944  -5.722760 19.829
 78    98.321 54944.05290024 46.35 311.810214  -5.719450 19.829
 79    98.514 54979.05292699 52.69 311.810781  -5.722634 22.074
 79    98.359 54979.05292763 50.26 311.810051  -5.719324 22.074
 80    93.560 55014.05293096 48.84 311.812069  -5.724374 22.737
 80    93.480 55014.05293160 52.00 311.811339  -5.721074 22.737
 81    92.645 55049.05292426 45.54 311.813303  -5.724797 22.375
 81    92.399 55049.05292490 50.76 311.812573  -5.721497 22.375
 81    92.328 55049.05292555 50.20 311.811843  -5.718197 22.375
 82    92.011 55084.05289366 52.70 311.811546  -5.722597 21.225
 82    92.037 55084.05289431 52.84 311.810816  -5.719297 21.225
 83    92.456 55119.05285627 47.58 311.813876  -5.722169 17.823
 83    92.348 55119.05285692 43.37 311.813146  -5.718869 17.823
 84    93.431 55154.05285146 49.13 311.811737  -5.725459 22.282
 84    93.581 55154.05285210 49.40 311.811007  -5.722149 22.282
 84    93.452 55154.05285275 48.42 311.810277  -5.718849 22.282
 85    94.615 55189.05284516 47.00 311.812139  -5.724977 21.766
 85    94.632 55189.05284580 51.21 311.811409  -5.721667 21.766
 85    94.507 55189.05284645 49.24 311.810679  -5.718367 21.766
 86    96.849 55224.05285144 49.68 311.811924  -5.724442 21.595
 86    96.754 55224.05285209 49.43 311.811194  -5.721142 21.595
 87    97.434 55259.05284079 49.43 311.813287  -5.723424 20.379
 87    97.418 55259.05284144 50.75 311.812557  -5.720124 20.379
 88    98.166 55294.05283820 47.38 311.811879  -5.724175 18.128
 88    97.982 55294.05283884 43.98 311.811149  -5.720865 18.128
 89    95.724 55329.05282419 50.79 311.810247  -5.724372 22.129
 89    95.737 55329.05282484 49.58 311.809517  -5.721072 22.129
 90    92.767 55364.05281830 49.46 311.812535  -5.724763 21.817
 90    92.861 55364.05281894 52.60 311.811805  -5.721463 21.817
 91    91.984 55399.05282837 51.24 311.812303  -5.723467 23.061
 91    92.140 55399.05282902 52.45 311.811573  -5.720157 23.061
 92    91.849 55434.05283521 50.22 311.813621  -5.721590 21.142
 92    91.735 55434.05283585 52.59 311.812891  -5.718280 21.142
 93    91.582 55469.05279024 31.50 311.813023  -5.724873 22.975
 93    91.623 55469.05279089 34.08 311.812293  -5.721563 22.975
 93    91.682 55469.05279153 30.18 311.811563  -5.718263 22.975
