#    0.000   0.000   0.000 ;Mean Elev.(m), Avg Gradient(m/km), RMS Gradient(m/km) - SRTM1     
#    0.000   0.000   0.000 ;Mean Elev.(m), Avg Gradient(m/km), RMS Gradient(m/km) - ASTER GDEM
#  126.367  -0.065   7.935 ;Mean Elev.(m), Avg Gradient(m/km), RMS Gradient(m/km) - GMTED2010 
  6   126.809 52419.54934308 30.68 311.245657  -6.698983 14.043
  6   124.555 52419.54934372 29.63 311.244927  -6.702283 14.043
  6   125.001 52419.54934437 29.04 311.244186  -6.705596 16.059
  6   125.623 52419.54934501 32.80 311.243456  -6.708896 16.059
  6   125.406 52419.54934566 41.99 311.242726  -6.712196 16.059
  6   125.119 52419.54934630 42.12 311.241996  -6.715506 16.059
  7   122.942 52454.54936816 37.87 311.245387  -6.700160 21.377
  7   123.770 52454.54936880 44.15 311.244657  -6.703470 21.377
  7   123.604 52454.54936945 47.60 311.243917  -6.706770 21.377
  7   122.916 52454.54937009 46.86 311.243187  -6.710070 21.377
  7   123.537 52454.54937074 48.82 311.242457  -6.713380 21.377
  7   123.655 52454.54937138 48.89 311.241717  -6.716680 21.377
  8   122.859 52489.54934261 21.47 311.256525  -6.689580 16.156
  8   123.031 52489.54934326 23.64 311.255795  -6.692880 16.156
  8   122.737 52489.54934390 27.01 311.255055  -6.696180 16.156
  8   122.666 52489.54934455 21.31 311.254325  -6.699490 16.156
  8   122.079 52489.54934519 20.03 311.253595  -6.702790 16.156
  8   121.435 52489.54934584 22.76 311.252865  -6.706090 16.156
  8   121.335 52489.54934648 24.26 311.252125  -6.709400 16.156
  9   122.868 52524.54932105 40.58 311.250992  -6.696191 18.526
  9   122.046 52524.54932170 47.38 311.250262  -6.699501 18.526
  9   121.999 52524.54932234 47.37 311.249532  -6.702801 18.526
  9   122.514 52524.54932299 48.06 311.248802  -6.706101 18.526
  9   122.657 52524.54932363 49.57 311.248062  -6.709411 18.526
  9   122.556 52524.54932427 47.11 311.247332  -6.712711 18.526
 10   124.170 52559.54937103 18.66 311.246959  -6.698246 17.027
 10   122.576 52559.54937167 20.99 311.246219  -6.701546 17.027
 10   122.101 52559.54937232 25.40 311.245489  -6.704856 17.027
 10   122.327 52559.54937296 21.97 311.244759  -6.708156 17.027
 10   122.596 52559.54937360 27.93 311.244019  -6.711456 17.027
 10   122.347 52559.54937425 26.06 311.243289  -6.714766 17.027
 10   122.308 52559.54937489 21.76 311.242559  -6.718066 17.027
 11   122.875 52594.54937660 38.30 311.242488  -6.702794  9.935
 11   122.563 52594.54937725 45.83 311.241758  -6.706104  9.935
 11   122.492 52594.54937789 44.26 311.241020  -6.709408 16.377
 11   122.885 52594.54937854 43.44 311.240290  -6.712708 16.377
 11   122.918 52594.54937918 45.27 311.239560  -6.716008 16.377
 12   123.646 52629.54930398 49.43 311.254541  -6.692116 17.867
 12   123.355 52629.54930462 49.12 311.253801  -6.695426 17.867
 12   123.298 52629.54930527 46.71 311.253071  -6.698726 17.867
 12   123.340 52629.54930591 45.92 311.252341  -6.702036 17.867
 12   123.247 52629.54930656 48.76 311.251601  -6.705336 17.867
 12   123.264 52629.54930720 50.76 311.250871  -6.708636 17.867
 12   123.175 52629.54930784 49.47 311.250141  -6.711946 17.867
 13   126.131 52664.54933706 46.83 311.248257  -6.697771 16.372
 13   126.009 52664.54933771 40.32 311.247527  -6.701071 16.372
 13   126.167 52664.54933835 33.20 311.246797  -6.704371 16.372
 13   125.988 52664.54933900 40.39 311.246057  -6.707681 16.372
 13   125.746 52664.54933964 31.72 311.245327  -6.710981 16.372
 13   125.806 52664.54934028 25.90 311.244597  -6.714291 16.372
 14   128.002 52699.54930889 48.06 311.256745  -6.689235 23.445
 14   127.451 52699.54930953 47.54 311.256005  -6.692535 23.445
 14   127.511 52699.54931018 47.10 311.255275  -6.695835 23.445
 14   127.536 52699.54931082 47.30 311.254545  -6.699145 23.445
 14   127.507 52699.54931147 47.56 311.253805  -6.702445 23.445
 14   127.472 52699.54931211 47.49 311.253075  -6.705755 23.445
 14   127.873 52699.54931276 45.22 311.252345  -6.709055 23.445
 15   129.289 52734.54933707 45.42 311.258757  -6.687152 16.042
 15   128.800 52734.54933771 47.05 311.258027  -6.690462 16.042
 15   128.756 52734.54933835 47.24 311.257297  -6.693762 16.042
 15   128.815 52734.54933900 48.30 311.256557  -6.697062 16.042
 15   128.852 52734.54933964 46.14 311.255827  -6.700372 16.042
 15   128.825 52734.54934029 46.89 311.255097  -6.703672 16.042
 15   128.935 52734.54934093 49.96 311.254357  -6.706972 16.042
 16   127.759 52769.54933177 51.01 311.250144  -6.695080 39.969
 16   127.808 52769.54933242 51.06 311.249414  -6.698380 39.969
 16   127.757 52769.54933306 51.53 311.248684  -6.701680 39.969
 16   127.722 52769.54933371 49.88 311.247954  -6.704990 39.969
 16   127.765 52769.54933435 51.03 311.247214  -6.708290 39.969
 16   127.822 52769.54933500 52.09 311.246484  -6.711600 39.969
 16   127.853 52769.54933564 50.01 311.245754  -6.714900 39.969
 17   124.582 52804.54936357 48.44 311.248529  -6.697461 18.717
 17   124.872 52804.54936421 41.91 311.247799  -6.700771 18.717
 17   124.725 52804.54936485 48.68 311.247069  -6.704071 18.717
 17   124.548 52804.54936550 48.21 311.246329  -6.707371 18.717
 17   124.690 52804.54936614 48.77 311.245599  -6.710681 18.717
 17   124.572 52804.54936679 46.89 311.244869  -6.713981 18.717
 17   124.392 52804.54936743 48.77 311.244129  -6.717281 18.717
 18   126.458 52839.54942513 17.88 311.251634  -6.695511 16.431
 18   125.896 52839.54942578 18.90 311.250904  -6.698821 16.431
 18   123.073 52839.54942642 20.52 311.250164  -6.702121 16.431
 18   123.278 52839.54942706 23.67 311.249434  -6.705421 16.431
 18   123.021 52839.54942771 26.45 311.248704  -6.708731 16.431
 18   123.228 52839.54942835 27.51 311.247964  -6.712031 16.431
 19   122.795 52874.54946423 43.77 311.251125  -6.693731 21.304
 19   122.645 52874.54946487 48.28 311.250395  -6.697041 21.304
 19   122.652 52874.54946552 47.97 311.249655  -6.700341 21.304
 19   122.761 52874.54946616 49.13 311.248925  -6.703641 21.304
 19   122.240 52874.54946681 49.81 311.248195  -6.706951 21.304
 19   122.812 52874.54946745 48.13 311.247455  -6.710251 21.304
 19   122.594 52874.54946810 49.86 311.246725  -6.713551 21.304
 20   124.201 52909.54943794 24.06 311.258131  -6.687610  9.631
 20   124.180 52909.54943859 24.80 311.257401  -6.690910  9.631
 20   124.857 52909.54943923 30.37 311.256661  -6.694220  9.631
 20   122.530 52909.54943988 24.05 311.255931  -6.697520  9.631
 20   124.578 52909.54944052 15.90 311.255201  -6.700830  9.631
 20   123.460 52909.54944117 15.45 311.254471  -6.704130  9.631
 20   123.532 52909.54944181 13.59 311.253731  -6.707430  9.631
 21   122.378 52944.54937495 40.72 311.258665  -6.686772 14.602
 21   122.610 52944.54937560 26.39 311.257925  -6.690072 14.602
 21   122.970 52944.54937624 27.72 311.257195  -6.693372 14.602
 21   122.439 52944.54937689 23.56 311.256465  -6.696682 14.602
 21   122.211 52944.54937753 18.80 311.255725  -6.699982 14.602
 21   121.717 52944.54937818 20.13 311.254995  -6.703292 14.602
 21   121.473 52944.54937882 21.57 311.254265  -6.706592 14.602
 22   124.614 52979.54942838 27.78 311.252133  -6.692605 19.374
 22   124.273 52979.54942903 45.79 311.251393  -6.695905 19.374
 22   123.337 52979.54942967 42.88 311.250663  -6.699215 19.374
 22   124.333 52979.54943032 38.17 311.249933  -6.702515 19.374
 22   123.937 52979.54943096 36.53 311.249193  -6.705815 19.374
 22   124.262 52979.54943161 41.97 311.248463  -6.709125 19.374
 22   123.864 52979.54943225 36.30 311.247733  -6.712425 19.374
 23   126.182 53014.54942651 21.02 311.248590  -6.696321 17.119
 23   124.477 53014.54942715 26.39 311.247860  -6.699631 17.119
 23   124.387 53014.54942780  4.72 311.247130  -6.702931 17.119
 23   125.092 53014.54942844 23.30 311.246390  -6.706231 17.119
 23   126.126 53014.54942909 27.47 311.245660  -6.709541 17.119
 23   125.530 53014.54942973 26.16 311.244930  -6.712841 17.119
 23   124.290 53014.54943037 25.38 311.244200  -6.716141 17.119
 24   129.238 53049.54939908 50.04 311.251175  -6.694103 29.292
 24   129.336 53049.54939973 52.57 311.250435  -6.697403 29.292
 24   129.242 53049.54940037 51.05 311.249705  -6.700713 29.292
 24   129.335 53049.54940102 53.20 311.248975  -6.704013 29.292
 24   129.323 53049.54940166 47.86 311.248245  -6.707313 29.292
 24   129.367 53049.54940231 48.88 311.247505  -6.710623 29.292
 24   129.340 53049.54940295 50.34 311.246775  -6.713923 29.292
 25   130.457 53084.54943695 50.18 311.241684  -6.703728 24.632
 25   130.473 53084.54943760 49.03 311.240954  -6.707038 24.632
 25   130.616 53084.54943824 50.62 311.240214  -6.710338 24.632
 25   130.523 53084.54943889 48.52 311.239484  -6.713648 24.632
 26   130.327 53119.54940565 50.11 311.246635  -6.698654 27.684
 26   130.349 53119.54940630 47.90 311.245905  -6.701954 27.684
 26   130.417 53119.54940694 52.56 311.245165  -6.705254 27.684
 26   130.468 53119.54940759 50.65 311.244435  -6.708564 27.684
 26   130.484 53119.54940823 50.56 311.243705  -6.711864 27.684
 26   130.396 53119.54940888 50.40 311.242975  -6.715174 27.684
 26   130.491 53119.54940952 53.25 311.242232  -6.718468 20.584
 27   126.789 53154.54945861 29.38 311.243074  -6.702328 18.146
 27   125.985 53154.54945926 26.33 311.242344  -6.705628 18.146
 27   125.989 53154.54945990 37.45 311.241614  -6.708928 18.146
 27   126.024 53154.54946055 43.97 311.240874  -6.712231 21.938
 27   126.137 53154.54946119 47.98 311.240144  -6.715541 21.938
 28   123.609 53189.54944545 51.29 311.258271  -6.688732 16.179
 28   123.717 53189.54944609 51.64 311.257541  -6.692032 16.179
 28   123.580 53189.54944674 49.45 311.256811  -6.695332 16.179
 28   123.587 53189.54944738 50.74 311.256071  -6.698642 16.179
 28   123.549 53189.54944803 50.74 311.255341  -6.701942 16.179
 28   123.462 53189.54944867 50.85 311.254611  -6.705252 16.179
 29   122.793 53224.54945823 37.36 311.254609  -6.690393 19.054
 29   122.759 53224.54945887 40.25 311.253869  -6.693693 19.054
 29   122.913 53224.54945951 44.25 311.253139  -6.697003 19.054
 29   122.991 53224.54946016 42.41 311.252409  -6.700303 19.054
 29   122.928 53224.54946080 45.03 311.251669  -6.703603 19.054
 29   122.601 53224.54946145 46.60 311.250939  -6.706913 19.054
 29   122.709 53224.54946209 48.78 311.250209  -6.710213 19.054
 30   122.864 53259.54943482 23.07 311.246631  -6.698403 20.073
 30   122.523 53259.54943547 24.35 311.245901  -6.701713 20.073
 30   122.520 53259.54943611 19.97 311.245161  -6.705013 20.073
 30   122.747 53259.54943676 19.04 311.244431  -6.708323 20.073
 30   122.506 53259.54943740 26.86 311.243701  -6.711623 20.073
 30   122.447 53259.54943805 21.84 311.242971  -6.714923 20.073
 30   122.756 53259.54943869 20.76 311.242241  -6.718233 20.073
 31   121.730 53294.54946238 32.80 311.240176  -6.704187 11.413
 31   122.477 53294.54946302 23.84 311.239446  -6.707487 11.413
 31   122.593 53294.54946367 24.22 311.238704  -6.710800 11.791
 31   122.482 53294.54946431 25.21 311.237974  -6.714100 11.791
 32   127.440 53329.54943323 20.88 311.252492  -6.693182 15.907
 32   123.247 53329.54943387 26.48 311.251762  -6.696482 15.907
 32   123.203 53329.54943452 19.86 311.251032  -6.699782 15.907
 32   122.909 53329.54943516 21.95 311.250292  -6.703092 15.907
 32   123.059 53329.54943581 22.59 311.249562  -6.706392 15.907
 32   122.753 53329.54943645 22.83 311.248832  -6.709692 15.907
 32   122.463 53329.54943710 20.31 311.248094  -6.712996  8.604
 33   125.135 53364.54938361 45.11 311.255754  -6.691361 24.302
 33   124.903 53364.54938426 46.43 311.255024  -6.694661 24.302
 33   125.192 53364.54938490 44.91 311.254284  -6.697971 24.302
 33   124.956 53364.54938555 47.53 311.253554  -6.701271 24.302
 33   124.912 53364.54938619 44.80 311.252824  -6.704571 24.302
 33   123.827 53364.54938683 48.43 311.252094  -6.707881 24.302
 34   127.699 53399.54940902 25.12 311.249107  -6.697189 16.615
 34   127.590 53399.54940966 22.68 311.248367  -6.700489 16.615
 34   127.813 53399.54941031 21.61 311.247637  -6.703799 16.615
 34   128.235 53399.54941095 23.62 311.246907  -6.707099 16.615
 34   127.778 53399.54941160 27.36 311.246177  -6.710409 16.615
 34   127.909 53399.54941224 26.88 311.245436  -6.713702 12.925
 34   128.178 53399.54941289 31.65 311.244706  -6.717012 12.925
 35   127.843 53434.54939825 32.16 311.254233  -6.692194 17.513
 35   127.644 53434.54939890 28.76 311.253493  -6.695504 17.513
 35   127.503 53434.54939954 28.23 311.252763  -6.698804 17.513
 35   126.856 53434.54940019 30.98 311.252033  -6.702114 17.513
 35   127.161 53434.54940083 30.54 311.251303  -6.705414 17.513
 35   127.564 53434.54940147 34.13 311.250563  -6.708714 17.513
 35   127.670 53434.54940212 38.59 311.249833  -6.712024 17.513
 36   128.851 53469.54944293 31.07 311.247470  -6.698760 16.759
 36   128.620 53469.54944357 28.62 311.246740  -6.702060 16.759
 36   128.516 53469.54944422 26.80 311.246000  -6.705370 16.759
 36   128.830 53469.54944486 31.41 311.245277  -6.708664 22.232
 36   128.808 53469.54944550 31.18 311.244537  -6.711974 22.232
 36   128.800 53469.54944615 36.88 311.243807  -6.715274 22.232
 37   127.023 53504.54948527 30.68 311.245438  -6.700014 14.898
 37   127.216 53504.54948591 22.39 311.244708  -6.703314 14.898
 37   126.882 53504.54948656 20.91 311.243968  -6.706624 14.898
 37   127.417 53504.54948720 19.85 311.243238  -6.709924 14.898
 37   127.841 53504.54948785 21.80 311.242508  -6.713234 14.898
 37   127.977 53504.54948849 26.53 311.241769  -6.716538 13.459
 38   124.781 53539.54948398 46.18 311.248657  -6.697788 13.868
 38   124.417 53539.54948462 47.91 311.247917  -6.701098 13.868
 38   124.691 53539.54948527 47.49 311.247187  -6.704398 13.868
 38   124.192 53539.54948591 50.18 311.246457  -6.707708 13.868
 38   124.513 53539.54948656 48.96 311.245719  -6.711011 14.276
 38   124.474 53539.54948720 48.90 311.244989  -6.714311 14.276
 39   125.282 53574.54948119 21.49 311.246470  -6.700480 12.557
 39   122.784 53574.54948184 22.49 311.245740  -6.703780 12.557
 39   123.233 53574.54948248 24.27 311.245000  -6.707090 12.557
 39   123.175 53574.54948313 30.44 311.244270  -6.710390 12.557
 39   122.958 53574.54948377 31.24 311.243540  -6.713700 12.557
 39   123.319 53574.54948442 41.47 311.242804  -6.716994 13.455
 40   122.493 53609.54943040 24.24 311.249736  -6.696566 14.661
 40   122.412 53609.54943104 27.95 311.249006  -6.699866 14.661
 40   122.308 53609.54943169 21.97 311.248276  -6.703166 14.661
 40   122.337 53609.54943233 22.94 311.247546  -6.706476 14.661
 40   122.406 53609.54943298 24.78 311.246806  -6.709776 14.661
 40   122.122 53609.54943362 21.53 311.246076  -6.713086 14.661
 40   122.239 53609.54943427 20.05 311.245344  -6.716391 12.416
 41   122.282 53644.54943296 32.53 311.249772  -6.695177 17.040
 41   122.390 53644.54943361 39.81 311.249042  -6.698477 17.040
 41   122.409 53644.54943425 45.28 311.248312  -6.701777 17.040
 41   122.625 53644.54943490 47.84 311.247572  -6.705087 17.040
 41   121.398 53644.54943554 49.74 311.246842  -6.708387 17.040
 41   122.771 53644.54943619 47.03 311.246112  -6.711687 17.040
 41   122.182 53644.54943683 47.63 311.245378  -6.715000 11.486
 42   122.616 53679.54945199 39.94 311.244199  -6.701199 16.090
 42   122.435 53679.54945264 50.55 311.243469  -6.704499 16.090
 42   122.319 53679.54945328 51.98 311.242729  -6.707809 16.090
 42   121.691 53679.54945393 49.40 311.241999  -6.711109 16.090
 42   122.597 53679.54945457 49.35 311.241269  -6.714419 16.090
 42   122.485 53679.54945521 51.74 311.240532  -6.717713 15.078
 43   127.808 53714.54937792 19.85 311.255568  -6.691357 17.234
 43   127.215 53714.54937857 19.67 311.254838  -6.694657 17.234
 43   125.348 53714.54937921 22.48 311.254098  -6.697967 17.234
 43   124.918 53714.54937986 32.94 311.253368  -6.701267 17.234
 43   124.516 53714.54938050 26.53 311.252638  -6.704567 17.234
 43   124.094 53714.54938115 21.96 311.251908  -6.707877 17.234
 44   126.768 53749.54929291 49.31 311.256545  -6.688865 16.649
 44   127.004 53749.54929356 46.58 311.255805  -6.692165 16.649
 44   126.924 53749.54929420 46.39 311.255075  -6.695475 16.649
 44   126.729 53749.54929485 47.59 311.254345  -6.698775 16.649
 44   126.791 53749.54929549 46.01 311.253605  -6.702075 16.649
 44   126.690 53749.54929614 45.41 311.252875  -6.705385 16.649
 44   126.742 53749.54929678 48.13 311.252145  -6.708685 16.649
 45   127.137 53784.54932346 45.33 311.256310  -6.689055 19.781
 45   127.137 53784.54932411 46.35 311.255570  -6.692355 19.781
 45   126.925 53784.54932475 47.22 311.254840  -6.695665 19.781
 45   127.009 53784.54932539 50.74 311.254110  -6.698965 19.781
 45   126.866 53784.54932604 50.07 311.253380  -6.702265 19.781
 45   127.062 53784.54932668 48.34 311.252640  -6.705575 19.781
 45   126.917 53784.54932733 51.02 311.251910  -6.708875 19.781
 46   127.293 53819.54928381 41.67 311.256300  -6.689728 26.087
 46   127.288 53819.54928445 43.95 311.255570  -6.693028 26.087
 46   127.510 53819.54928509 47.37 311.254840  -6.696338 26.087
 46   127.281 53819.54928574 46.88 311.254100  -6.699638 26.087
 46   127.341 53819.54928638 46.45 311.253370  -6.702938 26.087
 46   127.349 53819.54928703 46.48 311.252640  -6.706248 26.087
 46   127.377 53819.54928767 41.05 311.251910  -6.709548 26.087
 47   129.441 53854.54936779 45.74 311.244869  -6.701130 27.093
 47   129.446 53854.54936843 44.85 311.244139  -6.704440 27.093
 47   129.293 53854.54936908 43.99 311.243409  -6.707740 27.093
 47   129.491 53854.54936972 48.73 311.242669  -6.711040 27.093
 47   129.354 53854.54937037 52.06 311.241939  -6.714350 27.093
 47   129.462 53854.54937101 50.22 311.241209  -6.717650 27.093
 48   127.342 53889.54937376 24.26 311.259421  -6.687591 12.950
 48   127.536 53889.54937441 22.15 311.258691  -6.690901 12.950
 48   127.154 53889.54937505 19.50 311.257961  -6.694201 12.950
 48   126.553 53889.54937570 19.70 311.257231  -6.697501 12.950
 48   126.530 53889.54937634 19.60 311.256491  -6.700811 12.950
 48   126.666 53889.54937699 18.22 311.255761  -6.704111 12.950
 49   123.922 53924.54944382 47.20 311.238513  -6.704747 14.480
 49   123.869 53924.54944446 49.87 311.237783  -6.708047 14.480
 49   123.586 53924.54944511 48.55 311.237043  -6.711347 14.480
 49   123.742 53924.54944575 47.59 311.236313  -6.714657 14.480
 50   127.041 53959.54943349 14.82 311.242546  -6.701777 14.007
 50   126.163 53959.54943414 17.30 311.241806  -6.705077 14.007
 50   122.902 53959.54943478 21.56 311.241076  -6.708387 14.007
 50   122.616 53959.54943543 22.65 311.240346  -6.711687 14.007
 50   122.489 53959.54943607 22.85 311.239616  -6.714987 14.007
 51   122.102 53994.54936425 26.13 311.253050  -6.693798 19.972
 51   122.371 53994.54936489 29.15 311.252320  -6.697098 19.972
 51   122.327 53994.54936554 26.93 311.251580  -6.700398 19.972
 51   122.398 53994.54936618 25.99 311.250850  -6.703708 19.972
 51   122.462 53994.54936683 34.45 311.250120  -6.707008 19.972
 51   121.894 53994.54936747 30.75 311.249380  -6.710308 19.972
 52   122.664 54029.54942264 47.82 311.252745  -6.693334 22.274
 52   122.146 54029.54942328 43.29 311.252015  -6.696644 22.274
 52   122.639 54029.54942392 48.78 311.251285  -6.699944 22.274
 52   122.680 54029.54942457 50.28 311.250545  -6.703244 22.274
 52   122.459 54029.54942521 51.56 311.249815  -6.706554 22.274
 52   122.562 54029.54942586 50.79 311.249085  -6.709854 22.274
 52   122.502 54029.54942650 50.11 311.248345  -6.713154 22.274
 53   123.779 54064.54941616 51.06 311.255290  -6.691411 25.660
 53   123.840 54064.54941680 49.40 311.254550  -6.694711 25.660
 53   123.909 54064.54941745 49.28 311.253820  -6.698021 25.660
 53   123.815 54064.54941809 47.78 311.253090  -6.701321 25.660
 53   123.685 54064.54941874 50.59 311.252350  -6.704621 25.660
 53   123.711 54064.54941938 47.97 311.251620  -6.707931 25.660
 53   123.813 54064.54942003 45.23 311.250890  -6.711231 25.660
 54   125.915 54099.54938230 46.87 311.251300  -6.694804 30.882
 54   125.651 54099.54938294 44.60 311.250560  -6.698104 30.882
 54   125.713 54099.54938358 43.96 311.249830  -6.701404 30.882
 54   126.187 54099.54938423 46.15 311.249100  -6.704714 30.882
 54   124.542 54099.54938487 52.70 311.248370  -6.708014 30.882
 54   124.521 54099.54938552 51.95 311.247630  -6.711324 30.882
 54   124.631 54099.54938616 50.53 311.246900  -6.714624 30.882
 55   125.986 54134.54934117 48.02 311.250801  -6.694230 23.234
 55   125.854 54134.54934181 51.11 311.250071  -6.697540 23.234
 55   125.921 54134.54934245 47.01 311.249331  -6.700840 23.234
 55   125.811 54134.54934310 44.21 311.248601  -6.704150 23.234
 55   125.758 54134.54934374 37.48 311.247871  -6.707450 23.234
 55   125.827 54134.54934439 34.10 311.247131  -6.710750 23.234
 55   125.879 54134.54934503 34.46 311.246401  -6.714060 23.234
 57   128.611 54204.54934603 47.17 311.249112  -6.697739 14.426
 57   128.710 54204.54934668 48.45 311.248379  -6.701034 28.243
 57   128.750 54204.54934732 51.28 311.247639  -6.704344 28.243
 57   128.789 54204.54934797 49.93 311.246909  -6.707644 28.243
 57   128.644 54204.54934861 50.38 311.246179  -6.710954 28.243
 57   128.734 54204.54934926 49.39 311.245439  -6.714254 28.243
 58   124.995 54239.54937900 43.41 311.252321  -6.692644 16.128
 58   125.454 54239.54937964 41.24 311.251581  -6.695954 16.128
 58   125.060 54239.54938029 40.21 311.250851  -6.699254 16.128
 58   125.054 54239.54938093 42.75 311.250121  -6.702564 16.128
 58   125.129 54239.54938157 41.52 311.249383  -6.705858 16.206
 58   125.055 54239.54938222 42.02 311.248653  -6.709168 16.206
 58   125.120 54239.54938286 35.28 311.247923  -6.712468 16.206
 59   123.528 54274.54939633 44.28 311.252132  -6.692736 15.281
 59   123.769 54274.54939697 36.72 311.251392  -6.696046 15.281
 59   123.570 54274.54939762 46.72 311.250662  -6.699346 15.281
 59   123.560 54274.54939826 48.75 311.249932  -6.702646 15.281
 59   123.362 54274.54939890 48.34 311.249195  -6.705949 15.356
 59   123.473 54274.54939955 48.96 311.248465  -6.709259 15.356
 59   123.519 54274.54940019 49.42 311.247735  -6.712559 15.356
 61   122.128 54344.54937423 24.70 311.253488  -6.692451 17.002
 61   122.163 54344.54937487 22.90 311.252758  -6.695751 17.002
 61   122.384 54344.54937552 22.12 311.252028  -6.699061 17.002
 61   122.194 54344.54937616 24.71 311.251288  -6.702361 17.002
 61   122.342 54344.54937680 21.12 311.250558  -6.705671 17.002
 61   122.315 54344.54937745 20.58 311.249825  -6.708966 13.048
 61   122.074 54344.54937809 16.87 311.249095  -6.712276 13.048
 62   122.092 54379.54933423 39.80 311.251055  -6.693886 12.415
 62   122.235 54379.54933487 31.40 311.250315  -6.697186 12.415
 62   122.406 54379.54933552 32.59 311.249585  -6.700496 12.415
 62   122.238 54379.54933616 37.23 311.248855  -6.703796 12.415
 62   122.560 54379.54933681 38.84 311.248125  -6.707096 12.415
 62   122.565 54379.54933745 46.09 311.247393  -6.710399 10.976
 62   122.329 54379.54933809 45.41 311.246653  -6.713709 10.976
 63   122.224 54414.54932358 29.34 311.250808  -6.696385 14.685
 63   122.436 54414.54932423 27.07 311.250078  -6.699685 14.685
 63   122.205 54414.54932487 25.61 311.249338  -6.702995 14.685
 63   122.437 54414.54932552 24.36 311.248608  -6.706295 14.685
 63   122.270 54414.54932616 24.31 311.247878  -6.709605 14.685
 63   122.179 54414.54932681 20.93 311.247141  -6.712910  9.682
 64   122.393 54449.54930178 39.92 311.250132  -6.695764 13.296
 64   123.317 54449.54930243 47.24 311.249402  -6.699074 13.296
 64   123.139 54449.54930307 50.97 311.248672  -6.702374 13.296
 64   123.216 54449.54930371 48.69 311.247942  -6.705684 13.296
 64   123.290 54449.54930436 43.74 311.247208  -6.708978 10.775
 64   122.833 54449.54930500 44.39 311.246468  -6.712288 10.775
 64   123.091 54449.54930565 46.97 311.245738  -6.715588 10.775
 65   123.762 54484.54931723 46.77 311.253474  -6.691618 18.425
 65   123.799 54484.54931787 41.70 311.252744  -6.694928 18.425
 65   123.878 54484.54931852 33.82 311.252014  -6.698228 18.425
 65   123.838 54484.54931916 34.09 311.251284  -6.701528 18.425
 65   123.859 54484.54931981 34.54 311.250544  -6.704838 18.425
 65   123.841 54484.54932045 31.55 311.249814  -6.708138 18.425
 65   123.828 54484.54932110 35.60 311.249084  -6.711438 18.425
 66   125.980 54519.54931524 42.15 311.251731  -6.695118 11.473
 66   126.062 54519.54931588 39.32 311.251001  -6.698418 11.473
 66   126.541 54519.54931653 37.03 311.250271  -6.701718 11.473
 66   126.265 54519.54931717 36.18 311.249529  -6.705022  9.648
 66   126.644 54519.54931782 36.86 311.248799  -6.708332  9.648
 66   126.516 54519.54931846 38.24 311.248069  -6.711632  9.648
 67   128.202 54554.54932916 46.11 311.251244  -6.695624 17.508
 67   128.376 54554.54932980 44.37 311.250514  -6.698924 17.508
 67   127.894 54554.54933045 42.45 311.249784  -6.702234 17.508
 67   128.170 54554.54933109 41.30 311.249054  -6.705534 17.508
 67   128.103 54554.54933174 43.15 311.248314  -6.708834 17.508
 67   128.140 54554.54933238 41.77 311.247584  -6.712144 17.508
 68   128.004 54589.54931081 36.76 311.250625  -6.695738 11.676
 68   127.797 54589.54931146 33.01 311.249885  -6.699048 11.676
 68   127.691 54589.54931210 32.49 311.249155  -6.702348 11.676
 68   128.060 54589.54931275 32.79 311.248425  -6.705658 11.676
 68   128.419 54589.54931339 41.86 311.247685  -6.708951 12.416
 68   128.138 54589.54931403 43.66 311.246955  -6.712261 12.416
 68   127.926 54589.54931468 45.92 311.246225  -6.715561 12.416
 69   124.769 54624.54932826 32.34 311.250965  -6.695069  8.586
 69   124.938 54624.54932890 30.10 311.250225  -6.698379  8.586
 69   124.734 54624.54932955 30.53 311.249495  -6.701679  8.586
 69   125.134 54624.54933019 33.98 311.248765  -6.704979  8.586
 69   124.532 54624.54933084 39.17 311.248029  -6.708282 10.445
 69   124.525 54624.54933148 32.05 311.247299  -6.711592 10.445
 69   124.946 54624.54933213 35.73 311.246569  -6.714892 10.445
 70   127.027 54659.54933691 18.88 311.248714  -6.696699 15.129
 70   125.764 54659.54933756 23.23 311.247974  -6.700009 15.129
 70   123.039 54659.54933820 20.66 311.247244  -6.703309 15.129
 70   125.154 54659.54933884 16.84 311.246514  -6.706609 15.129
 70   123.405 54659.54933949 17.92 311.245784  -6.709919 15.129
 70   123.190 54659.54934013 19.01 311.245044  -6.713219 15.129
 70   123.380 54659.54934078 20.98 311.244314  -6.716519 15.129
 71   127.992 54694.54931546 19.67 311.252707  -6.692053 12.681
 71   122.609 54694.54931611 22.56 311.251977  -6.695353 12.681
 71   122.748 54694.54931675 22.66 311.251237  -6.698653 12.681
 71   122.300 54694.54931740 26.66 311.250507  -6.701963 12.681
 71   122.559 54694.54931804 19.73 311.249777  -6.705263 12.681
 71   122.522 54694.54931869 19.27 311.249047  -6.708563 12.681
 71   122.333 54694.54931933 17.78 311.248307  -6.711873 12.681
 72   121.949 54729.54929121 27.64 311.251192  -6.694811 12.460
 72   122.504 54729.54929186 23.51 311.250452  -6.698121 12.460
 72   122.268 54729.54929250 25.78 311.249722  -6.701421 12.460
 72   121.897 54729.54929314 26.76 311.248992  -6.704721 12.460
 72   122.436 54729.54929379 24.09 311.248251  -6.708033 14.611
 72   121.768 54729.54929443 25.98 311.247521  -6.711333 14.611
 72   121.783 54729.54929508 20.90 311.246791  -6.714633 14.611
 73   121.902 54764.54929499 27.00 311.250544  -6.695454 14.510
 73   122.435 54764.54929563 27.37 311.249814  -6.698754 14.510
 73   122.690 54764.54929628 33.70 311.249074  -6.702064 14.510
 73   122.292 54764.54929692 35.76 311.248344  -6.705364 14.510
 73   122.327 54764.54929757 32.30 311.247614  -6.708674 14.510
 73   121.868 54764.54929821 31.13 311.246876  -6.711967 12.325
 73   122.383 54764.54929886 39.19 311.246146  -6.715277 12.325
 74   126.207 54799.54928473 24.70 311.249589  -6.695143 15.404
 74   123.309 54799.54928537 27.71 311.248859  -6.698443 15.404
 74   122.417 54799.54928602 32.82 311.248119  -6.701753 15.404
 74   122.071 54799.54928666 26.99 311.247395  -6.705048 13.273
 74   123.257 54799.54928731 27.98 311.246655  -6.708358 13.273
 74   122.442 54799.54928795 31.97 311.245925  -6.711658 13.273
 74   123.239 54799.54928860 26.78 311.245195  -6.714968 13.273
 75   125.556 54834.54928511 37.86 311.251077  -6.693742 15.768
 75   125.775 54834.54928575 38.45 311.250347  -6.697042 15.768
 75   124.210 54834.54928640 38.63 311.249617  -6.700342 15.768
 75   125.038 54834.54928704 25.54 311.248877  -6.703652 15.768
 75   124.771 54834.54928769 22.20 311.248147  -6.706952 15.768
 75   124.483 54834.54928833 22.18 311.247417  -6.710262 15.768
 75   124.395 54834.54928897 23.44 311.246680  -6.713555  7.748
 76   125.949 54869.54928216 46.54 311.250857  -6.695131 10.592
 76   126.387 54869.54928281 49.81 311.250117  -6.698431 10.592
 76   126.339 54869.54928345 47.50 311.249394  -6.701743 16.187
 76   126.374 54869.54928410 47.48 311.248654  -6.705043 16.187
 76   126.259 54869.54928474 48.25 311.247924  -6.708343 16.187
 76   126.490 54869.54928539 45.44 311.247194  -6.711653 16.187
 76   126.326 54869.54928603 43.90 311.246454  -6.714953 16.187
 77   127.816 54904.54929485 38.84 311.249192  -6.696067 13.508
 77   127.744 54904.54929549 34.24 311.248462  -6.699367 13.508
 77   127.237 54904.54929614 32.59 311.247732  -6.702677 13.508
 77   127.249 54904.54929678 29.95 311.246992  -6.705977 13.508
 77   127.639 54904.54929743 29.26 311.246262  -6.709287 13.508
 77   127.604 54904.54929807 29.31 311.245528  -6.712583 12.021
 77   127.775 54904.54929872 27.30 311.244798  -6.715893 12.021
 78   127.225 54939.54927274 48.12 311.250491  -6.696323 30.694
 78   127.146 54939.54927338 50.75 311.249761  -6.699633 30.694
 78   127.243 54939.54927403 51.06 311.249021  -6.702933 30.694
 78   127.148 54939.54927467 51.57 311.248291  -6.706233 30.694
 78   127.180 54939.54927531 47.22 311.247561  -6.709543 30.694
 78   127.259 54939.54927596 45.01 311.246821  -6.712843 30.694
 79   128.352 54974.54930378 32.20 311.249861  -6.697033 17.985
 79   128.287 54974.54930443 27.02 311.249131  -6.700333 17.985
 79   128.108 54974.54930507 23.85 311.248401  -6.703643 17.985
 79   128.450 54974.54930572 22.35 311.247662  -6.706936 19.634
 80   124.859 55009.54931693 39.86 311.249851  -6.696245 15.134
 80   124.577 55009.54931757 48.70 311.249121  -6.699545 15.134
 80   124.461 55009.54931822 49.61 311.248381  -6.702855 15.134
 80   124.776 55009.54931886 50.89 311.247651  -6.706155 15.134
 80   124.638 55009.54931951 48.47 311.246921  -6.709465 15.134
 80   124.581 55009.54932015 49.25 311.246184  -6.712758 11.712
 80   124.462 55009.54932080 49.12 311.245454  -6.716068 11.712
 81   127.775 55044.54930607 19.53 311.251844  -6.693479 14.264
 81   126.890 55044.54930671 19.42 311.251114  -6.696779 14.264
 81   123.118 55044.54930736 26.03 311.250384  -6.700079 14.264
 81   122.613 55044.54930800 27.07 311.249644  -6.703389 14.264
 81   123.531 55044.54930865 19.96 311.248914  -6.706689 14.264
 81   122.883 55044.54930929 21.67 311.248184  -6.709999 14.264
 81   127.671 55044.54930993 19.04 311.247445  -6.713294 11.230
 82   127.325 55079.54928233 19.92 311.252302  -6.692974 13.067
 82   124.777 55079.54928297 20.04 311.251562  -6.696274 13.067
 82   122.753 55079.54928362 24.70 311.250832  -6.699584 13.067
 82   122.167 55079.54928426 28.33 311.250102  -6.702884 13.067
 82   122.156 55079.54928491 25.08 311.249372  -6.706184 13.067
 82   122.358 55079.54928555 23.99 311.248642  -6.709494 13.067
 82   122.160 55079.54928620 19.60 311.247902  -6.712794 13.067
 83   122.594 55114.54923962 21.84 311.250790  -6.696278 14.764
 83   122.720 55114.54924026 29.77 311.250050  -6.699578 14.764
 83   122.052 55114.54924090 36.95 311.249320  -6.702888 14.764
 83   122.283 55114.54924155 29.53 311.248590  -6.706188 14.764
 83   122.415 55114.54924219 26.92 311.247860  -6.709488 14.764
 83   122.336 55114.54924284 19.11 311.247119  -6.712800  9.823
 84   124.065 55149.54923926 33.62 311.249638  -6.696088 13.333
 84   123.935 55149.54923990 44.55 311.248908  -6.699388 13.333
 84   124.099 55149.54924055 50.60 311.248168  -6.702698 13.333
 84   123.780 55149.54924119 50.33 311.247438  -6.705998 13.333
 84   124.013 55149.54924184 50.45 311.246708  -6.709308 13.333
 84   124.091 55149.54924248 48.47 311.245970  -6.712603 11.785
 84   123.949 55149.54924313 50.36 311.245240  -6.715913 11.785
 85   125.685 55184.54922238 39.57 311.250015  -6.695450 14.008
 85   125.557 55184.54922303 45.33 311.249285  -6.698750 14.008
 85   124.790 55184.54922367 50.61 311.248555  -6.702060 14.008
 85   125.716 55184.54922432 50.51 311.247822  -6.705353 14.718
 85   125.469 55184.54922496 51.07 311.247082  -6.708663 14.718
 85   125.358 55184.54922561 48.07 311.246352  -6.711963 14.718
 85   125.500 55184.54922625 46.59 311.245622  -6.715273 14.718
 86   126.803 55219.54923725 41.41 311.250071  -6.695128 16.146
 86   127.025 55219.54923789 40.98 311.249341  -6.698428 16.146
 86   126.858 55219.54923854 41.95 311.248601  -6.701738 16.146
 86   126.997 55219.54923918 47.43 311.247871  -6.705038 16.146
 86   126.707 55219.54923983 48.05 311.247141  -6.708338 16.146
 86   126.856 55219.54924047 49.26 311.246404  -6.711651 18.787
 86   126.839 55219.54924112 50.32 311.245674  -6.714951 18.787
 87   127.868 55254.54921815 44.78 311.252369  -6.692663 15.094
 87   127.837 55254.54921879 44.15 311.251639  -6.695963 15.094
 87   127.855 55254.54921944 44.95 311.250909  -6.699273 15.094
 87   127.499 55254.54922008 37.66 311.250167  -6.702567 12.530
 87   127.347 55254.54922073 28.64 311.249437  -6.705877 12.530
 87   127.297 55254.54922137 29.68 311.248707  -6.709177 12.530
 87   127.129 55254.54922202 28.24 311.247977  -6.712487 12.530
 88   128.173 55289.54922602 44.65 311.250656  -6.695548 18.809
 88   128.039 55289.54922666 46.10 311.249926  -6.698858 18.809
 88   127.854 55289.54922731 46.30 311.249196  -6.702158 18.809
 88   128.188 55289.54922795 42.14 311.248466  -6.705468 18.809
 88   127.870 55289.54922860 38.76 311.247736  -6.708768 18.809
 88   127.812 55289.54922924 33.65 311.246996  -6.712068 18.809
 88   127.670 55289.54922989 32.90 311.246266  -6.715378 18.809
 89   127.009 55324.54920562 43.83 311.248367  -6.698773 12.882
 89   126.884 55324.54920627 41.63 311.247627  -6.702083 12.882
 89   126.777 55324.54920691 45.58 311.246897  -6.705383 12.882
 89   126.737 55324.54920756 43.07 311.246167  -6.708683 12.882
 89   126.822 55324.54920820 39.72 311.245429  -6.711986 10.077
 89   126.628 55324.54920884 36.14 311.244699  -6.715296 10.077
 90   123.266 55359.54920319 34.22 311.250350  -6.694771 13.824
 90   124.095 55359.54920384 42.82 311.249620  -6.698071 13.824
 90   123.546 55359.54920448 47.42 311.248880  -6.701381 13.824
 90   123.900 55359.54920513 45.21 311.248150  -6.704681 13.824
 90   123.759 55359.54920577 45.64 311.247420  -6.707991 13.824
 90   123.659 55359.54920641 49.01 311.246683  -6.711294 11.116
 90   123.888 55359.54920706 49.69 311.245953  -6.714594 11.116
 91   122.213 55394.54920732 32.68 311.250400  -6.695207 12.357
 91   123.293 55394.54920797 33.74 311.249660  -6.698517 12.357
 91   123.056 55394.54920861 43.99 311.248930  -6.701817 12.357
 91   122.874 55394.54920926 43.95 311.248200  -6.705127 12.357
 91   123.036 55394.54920990 43.30 311.247459  -6.708422 10.369
 91   122.550 55394.54921055 45.86 311.246729  -6.711732 10.369
 91   122.870 55394.54921119 43.91 311.245999  -6.715032 10.369
 92   121.990 55429.54921798 24.30 311.252596  -6.693181 17.455
 92   122.174 55429.54921862 23.43 311.251866  -6.696491 17.455
 92   122.585 55429.54921927 31.59 311.251136  -6.699791 17.455
 92   122.570 55429.54921991 38.64 311.250406  -6.703091 17.455
 92   121.829 55429.54922056 44.82 311.249666  -6.706401 17.455
 92   121.754 55429.54922120 35.87 311.248936  -6.709701 17.455
 92   122.107 55429.54922185 28.88 311.248206  -6.713011 17.455
 93   122.092 55464.54918065 27.63 311.254121  -6.692068 16.957
 93   121.711 55464.54918130 26.13 311.253391  -6.695368 16.957
 93   122.317 55464.54918194 21.83 311.252651  -6.698678 16.957
 93   122.235 55464.54918259 23.90 311.251921  -6.701978 16.957
 93   122.169 55464.54918323 27.39 311.251191  -6.705278 16.957
 93   121.667 55464.54918388 24.39 311.250461  -6.708588 16.957
 93   121.711 55464.54918452 18.82 311.249721  -6.711888 16.957
