#    0.000   0.000   0.000 ;Mean Elev.(m), Avg Gradient(m/km), RMS Gradient(m/km) - SRTM1     
#    0.000   0.000   0.000 ;Mean Elev.(m), Avg Gradient(m/km), RMS Gradient(m/km) - ASTER GDEM
#   97.238  -1.690   7.094 ;Mean Elev.(m), Avg Gradient(m/km), RMS Gradient(m/km) - GMTED2010 
  7    91.708 52459.05300009 47.80 311.778804  -5.565050 15.302
  7    92.052 52459.05300073 52.14 311.778074  -5.561740 15.302
  7    92.197 52459.05300138 50.74 311.777338  -5.558443 17.018
  7    92.160 52459.05300202 50.36 311.776608  -5.555133 17.018
  9    91.831 52529.05296701 49.43 311.778296  -5.564689 14.070
  9    91.963 52529.05296765 51.37 311.777566  -5.561379 14.070
  9    91.710 52529.05296830 51.10 311.776826  -5.558079 14.070
  9    91.678 52529.05296894 49.24 311.776096  -5.554779 14.070
 10    91.476 52564.05299370 45.47 311.785392  -5.570706 19.841
 10    91.741 52564.05299434 51.63 311.784652  -5.567396 19.841
 10    91.687 52564.05299499 49.95 311.783922  -5.564096 19.841
 10    91.616 52564.05299563 50.57 311.783192  -5.560796 19.841
 11    92.098 52599.05302100 47.05 311.769235  -5.559724 22.205
 11    92.109 52599.05302164 44.96 311.768505  -5.556414 22.205
 11    91.949 52599.05302229 51.22 311.767775  -5.553114 22.205
 11    92.003 52599.05302293 51.09 311.767045  -5.549814 22.205
 12    92.552 52634.05297205 52.18 311.774961  -5.561601 19.491
 12    92.507 52634.05297270 51.14 311.774231  -5.558301 19.491
 12    92.668 52634.05297334 50.91 311.773501  -5.554991 19.491
 13    94.371 52669.05298501 45.40 311.774707  -5.562365 17.345
 13    94.270 52669.05298565 44.34 311.773977  -5.559055 17.345
 13    94.268 52669.05298630 41.56 311.773247  -5.555755 17.345
 13    94.123 52669.05298694 34.60 311.772517  -5.552455 17.345
 14    96.440 52704.05296689 30.08 311.782880  -5.568820 22.447
 14    95.746 52704.05296753 30.39 311.782150  -5.565510 22.447
 14    95.744 52704.05296818 41.33 311.781420  -5.562210 22.447
 14    95.937 52704.05296882 47.48 311.780690  -5.558910 22.447
 15    97.427 52739.05300494 43.41 311.776366  -5.564652 18.734
 15    97.469 52739.05300559 47.13 311.775636  -5.561342 18.734
 15    97.263 52739.05300623 47.20 311.774906  -5.558042 18.734
 15    97.319 52739.05300687 47.02 311.774176  -5.554742 18.734
 16    95.829 52774.05295523 50.58 311.781775  -5.566012 23.962
 16    95.744 52774.05295588 52.87 311.781055  -5.562712 23.962
 16    95.680 52774.05295652 53.65 311.780315  -5.559402 23.962
 17    92.714 52809.05302815 50.65 311.774098  -5.561596 28.857
 17    92.801 52809.05302880 51.10 311.773368  -5.558296 28.857
 17    92.845 52809.05302944 51.17 311.772638  -5.554986 28.857
 17    92.597 52809.05303009 49.66 311.771908  -5.551686 28.857
 18    92.256 52844.05308494 52.38 311.776433  -5.562303 17.254
 18    92.166 52844.05308559 51.94 311.775703  -5.559003 17.254
 18    91.911 52844.05308623 52.22 311.774973  -5.555693 17.254
 19    91.852 52879.05312304 38.55 311.774452  -5.561530 19.145
 19    91.854 52879.05312368 41.92 311.773722  -5.558220 19.145
 19    91.731 52879.05312433 46.79 311.772992  -5.554920 19.145
 19    92.001 52879.05312497 48.33 311.772262  -5.551620 19.145
 20    95.130 52914.05307937 17.55 311.782711  -5.568456 17.861
 20    91.856 52914.05308002 18.77 311.781981  -5.565156 17.861
 20    91.908 52914.05308066 29.81 311.781251  -5.561846 17.861
 20    91.988 52914.05308131 44.47 311.780521  -5.558546 17.861
 21    92.059 52949.05303778 40.98 311.783683  -5.568958 13.724
 21    92.272 52949.05303843 49.48 311.782953  -5.565658 13.724
 21    92.183 52949.05303907 50.10 311.782223  -5.562358 13.724
 21    91.945 52949.05303972 49.56 311.781493  -5.559048 13.724
 22    92.700 52984.05306712 46.17 311.783181  -5.568684  9.019
 22    92.808 52984.05306776 50.93 311.782443  -5.565388 20.348
 22    92.678 52984.05306841 52.88 311.781713  -5.562078 20.348
 22    92.760 52984.05306905 50.85 311.780983  -5.558778 20.348
 23    93.496 53019.05305992 49.63 311.777934  -5.565040 29.162
 23    93.480 53019.05306057 53.52 311.777204  -5.561730 29.162
 23    93.443 53019.05306121 52.81 311.776474  -5.558430 29.162
 23    93.506 53019.05306186 53.59 311.775744  -5.555130 29.162
 24    97.847 53054.05304374 47.62 311.782306  -5.567104 23.773
 24    97.602 53054.05304438 39.60 311.781576  -5.563804 23.773
 24    98.021 53054.05304503 36.52 311.780846  -5.560504 23.773
 24    98.011 53054.05304567 41.19 311.780116  -5.557194 23.773
 25    99.038 53089.05308267 52.47 311.767123  -5.558301 25.178
 25    98.914 53089.05308332 51.56 311.766393  -5.555001 25.178
 25    99.193 53089.05308396 47.92 311.765663  -5.551701 25.178
 25    99.142 53089.05308461 51.62 311.764933  -5.548391 25.178
 26    98.166 53124.05305148 49.76 311.778100  -5.564907 29.450
 26    98.154 53124.05305213 50.23 311.777370  -5.561607 29.450
 26    98.172 53124.05305277 49.19 311.776640  -5.558297 29.450
 26    98.187 53124.05305342 49.49 311.775910  -5.554997 29.450
 27    94.242 53159.05311178 48.58 311.769614  -5.560564 17.507
 27    94.136 53159.05311242 51.96 311.768884  -5.557264 17.507
 27    93.994 53159.05311307 50.81 311.768154  -5.553954 17.507
 27    94.092 53159.05311371 49.90 311.767424  -5.550654 17.507
 28    95.768 53194.05310559 22.55 311.780549  -5.564786 10.436
 28    94.867 53194.05310624 22.61 311.779819  -5.561486 10.436
 28    92.363 53194.05310688 30.40 311.779089  -5.558176 10.436
 29    92.085 53229.05309764 49.63 311.782110  -5.567479 23.341
 29    92.199 53229.05309828 50.57 311.781370  -5.564179 23.341
 29    92.004 53229.05309893 37.86 311.780640  -5.560869 23.341
 29    92.003 53229.05309957 25.08 311.779910  -5.557569 23.341
 30    92.184 53264.05307116 50.43 311.773128  -5.560032 20.698
 30    92.002 53264.05307180 50.17 311.772398  -5.556732 20.698
 30    91.883 53264.05307245 51.47 311.771668  -5.553422 20.698
 31    92.069 53299.05311483 39.24 311.766639  -5.559664  7.860
 31    92.237 53299.05311548 33.62 311.765909  -5.556354  7.860
 31    91.691 53299.05311612 24.77 311.765179  -5.553054  7.860
 31    91.856 53299.05311677 19.41 311.764449  -5.549754  7.860
 31    91.701 53299.05311741 20.52 311.763719  -5.546444  7.860
 32    92.293 53334.05308457 19.98 311.776714  -5.563363 17.042
 32    91.977 53334.05308522 21.68 311.775984  -5.560063 17.042
 32    92.209 53334.05308586 33.32 311.775254  -5.556763 17.042
 32    92.077 53334.05308651 40.80 311.774524  -5.553453 17.042
 33    92.712 53369.05302554 50.34 311.779024  -5.565041 22.959
 33    92.788 53369.05302619 51.64 311.778294  -5.561741 22.959
 33    92.706 53369.05302683 51.73 311.777564  -5.558441 22.959
 33    92.687 53369.05302748 50.87 311.776834  -5.555131 22.959
 34    95.483 53404.05305723 25.32 311.777778  -5.563399 21.792
 34    94.458 53404.05305787 29.33 311.777048  -5.560089 21.792
 34    94.458 53404.05305852 37.49 311.776318  -5.556789 21.792
 34    94.553 53404.05305916 43.48 311.775588  -5.553489 21.792
 35    96.573 53439.05304496 49.69 311.777507  -5.564340 27.112
 35    96.652 53439.05304560 50.94 311.776777  -5.561040 27.112
 35    96.687 53439.05304625 51.77 311.776047  -5.557730 27.112
 35    96.575 53439.05304689 52.52 311.775317  -5.554430 27.112
 36    96.881 53474.05310485 39.73 311.772440  -5.561769 18.434
 36    96.784 53474.05310549 43.55 311.771710  -5.558469 18.434
 36    96.603 53474.05310614 43.85 311.770980  -5.555159 18.434
 36    96.573 53474.05310678 50.44 311.770250  -5.551859 18.434
 37    95.246 53509.05312594 37.23 311.775693  -5.563465 18.930
 37    95.219 53509.05312659 42.29 311.774963  -5.560165 18.930
 37    95.296 53509.05312723 46.59 311.774233  -5.556865 18.930
 37    95.155 53509.05312788 47.98 311.773503  -5.553555 18.930
 38    92.869 53544.05313985 46.64 311.771917  -5.561241 25.318
 38    92.855 53544.05314050 50.65 311.771187  -5.557941 25.318
 38    92.860 53544.05314114 51.05 311.770457  -5.554631 25.318
 38    92.736 53544.05314178 49.77 311.769727  -5.551331 25.318
 39    92.116 53579.05311974 49.01 311.775096  -5.562655 20.797
 39    92.117 53579.05312039 51.70 311.774366  -5.559355 20.797
 39    91.908 53579.05312103 52.22 311.773636  -5.556045 20.797
 39    92.066 53579.05312168 49.65 311.772906  -5.552745 20.797
 40    92.026 53614.05307380 38.22 311.772671  -5.560391 20.381
 40    91.729 53614.05307444 42.57 311.771941  -5.557081 20.381
 40    91.680 53614.05307509 47.61 311.771211  -5.553781 20.381
 41    90.870 53649.05307891 21.08 311.779879  -5.565329 11.940
 41    91.300 53649.05307956 21.25 311.779149  -5.562029 11.940
 41    91.186 53649.05308020 23.03 311.778419  -5.558719 11.940
 41    91.299 53649.05308085 23.35 311.777689  -5.555419 11.940
 42    91.365 53684.05309411 23.28 311.770946  -5.561174  4.961
 42    91.352 53684.05309475 23.04 311.770216  -5.557864  4.961
 42    91.413 53684.05309540 23.72 311.769486  -5.554564  4.961
 42    91.487 53684.05309604 26.20 311.768756  -5.551264  4.961
 43    93.034 53719.05301985 43.92 311.780117  -5.565539 20.584
 43    91.867 53719.05302049 35.15 311.779387  -5.562239 20.584
 43    93.995 53719.05302114 21.22 311.778657  -5.558939 20.584
 43    93.050 53719.05302178 36.19 311.777927  -5.555629 20.584
 44    95.065 53754.05294092 47.61 311.786332  -5.571134 26.725
 44    95.008 53754.05294156 50.27 311.785592  -5.567834 26.725
 44    95.082 53754.05294221 50.47 311.784862  -5.564524 26.725
 44    94.950 53754.05294285 53.72 311.784132  -5.561224 26.725
 45    95.080 53789.05297172 50.83 311.781917  -5.567635 25.572
 45    95.225 53789.05297236 53.79 311.781187  -5.564335 25.572
 45    95.028 53789.05297301 53.39 311.780457  -5.561035 25.572
 45    95.140 53789.05297365 51.39 311.779727  -5.557725 25.572
 46    95.955 53824.05292736 51.57 311.782994  -5.567228 24.756
 46    95.893 53824.05292800 51.26 311.782264  -5.563928 24.756
 46    95.861 53824.05292865 53.03 311.781534  -5.560628 24.756
 46    95.819 53824.05292929 50.59 311.780804  -5.557318 24.756
 47    97.940 53859.05302206 53.06 311.772516  -5.559724 27.617
 47    97.986 53859.05302270 50.39 311.771776  -5.556414 27.617
 47    97.964 53859.05302335 49.94 311.771046  -5.553114 27.617
 48    94.243 53894.05303708 47.70 311.780383  -5.564770 20.139
 48    94.278 53894.05303773 49.26 311.779653  -5.561470 20.139
 48    94.241 53894.05303837 50.12 311.778923  -5.558170 20.139
 49    92.354 53929.05309506 49.11 311.765484  -5.558784 21.323
 49    92.458 53929.05309571 49.99 311.764754  -5.555484 21.323
 49    92.313 53929.05309635 50.74 311.764024  -5.552184 21.323
 49    92.329 53929.05309700 51.74 311.763294  -5.548874 21.323
 49    92.412 53929.05309764 48.33 311.762564  -5.545574 21.323
 50    92.048 53964.05307496 48.13 311.769200  -5.560423 21.836
 50    92.160 53964.05307560 52.46 311.768470  -5.557123 21.836
 50    91.991 53964.05307625 51.12 311.767730  -5.553813 21.836
 50    91.989 53964.05307689 51.87 311.767000  -5.550513 21.836
 51    95.444 53999.05302526 18.61 311.781075  -5.566577 16.519
 51    91.510 53999.05302591 20.86 311.780345  -5.563277 16.519
 51    91.533 53999.05302655 25.86 311.779615  -5.559967 16.519
 51    91.589 53999.05302720 34.92 311.778885  -5.556667 16.519
 52    92.123 54034.05307227 22.09 311.780071  -5.564897 20.282
 52    91.772 54034.05307292 32.68 311.779331  -5.561587 20.282
 52    92.160 54034.05307356 44.69 311.778601  -5.558287 20.282
 52    92.219 54034.05307420 50.46 311.777871  -5.554977 20.282
 54    93.557 54104.05302302 50.36 311.775712  -5.562714 19.920
 54    93.616 54104.05302366 50.55 311.774982  -5.559414 19.920
 54    93.435 54104.05302431 49.35 311.774252  -5.556104 19.920
 54    93.398 54104.05302495 49.34 311.773522  -5.552804 19.920
 55    95.382 54139.05299735 21.48 311.776415  -5.562097 16.057
 55    94.629 54139.05299799 22.42 311.775685  -5.558787 16.057
 55    95.168 54139.05299864 22.43 311.774955  -5.555487 16.057
 56    97.346 54174.05300224 47.70 311.775487  -5.561410 18.363
 56    97.110 54174.05300288 49.74 311.774757  -5.558100 18.363
 56    97.250 54174.05300353 49.20 311.774027  -5.554800 18.363
 57    96.838 54209.05300285 39.96 311.775746  -5.563189 17.244
 57    96.868 54209.05300350 42.95 311.775016  -5.559889 17.244
 57    96.785 54209.05300414 43.47 311.774286  -5.556579 17.244
 57    96.815 54209.05300479 46.17 311.773556  -5.553279 17.244
 58    93.367 54244.05303440 48.34 311.777152  -5.564419 20.421
 58    93.532 54244.05303505 50.38 311.776422  -5.561119 20.421
 58    93.472 54244.05303569 48.47 311.775692  -5.557809 20.421
 58    93.362 54244.05303633 51.20 311.774962  -5.554509 20.421
 59    92.274 54279.05304703 49.63 311.776992  -5.563867 24.476
 59    92.212 54279.05304767 50.91 311.776262  -5.560567 24.476
 59    92.220 54279.05304832 44.38 311.775532  -5.557257 24.476
 59    92.124 54279.05304896 33.73 311.774802  -5.553957 24.476
 60    91.981 54314.05304643 44.24 311.778531  -5.563953 22.249
 60    91.979 54314.05304707 48.62 311.777801  -5.560653 22.249
 60    91.990 54314.05304772 50.73 311.777071  -5.557353 22.249
 60    92.079 54314.05304836 49.37 311.776341  -5.554043 22.249
 61    91.876 54349.05301683 52.13 311.776683  -5.562315 26.364
 61    91.783 54349.05301748 52.14 311.775953  -5.559005 26.364
 61    91.636 54349.05301812 51.86 311.775223  -5.555705 26.364
 62    91.159 54384.05298416 17.34 311.778538  -5.565295 13.318
 62    91.491 54384.05298480 17.97 311.777808  -5.561995 13.318
 62    91.566 54384.05298544 20.28 311.777078  -5.558685 13.318
 62    91.478 54384.05298609 30.54 311.776348  -5.555385 13.318
 63    91.905 54419.05296629 50.91 311.775949  -5.561863 24.113
 63    91.921 54419.05296694 52.76 311.775219  -5.558563 24.113
 63    91.722 54419.05296758 52.53 311.774489  -5.555263 24.113
 64    92.304 54454.05295538 40.36 311.777882  -5.563012 18.884
 64    92.225 54454.05295602 27.06 311.777152  -5.559702 18.884
 64    91.950 54454.05295666 37.87 311.776422  -5.556402 18.884
 65    92.887 54489.05296467 48.81 311.778632  -5.565749 15.630
 65    93.058 54489.05296531 46.65 311.777902  -5.562449 15.630
 65    92.988 54489.05296596 40.67 311.777172  -5.559139 15.630
 65    92.900 54489.05296660 35.04 311.776442  -5.555839 15.630
 66    94.452 54524.05296784 50.42 311.779239  -5.565146 19.384
 66    94.595 54524.05296848 51.45 311.778509  -5.561846 19.384
 66    94.591 54524.05296913 50.58 311.777779  -5.558536 19.384
 66    94.593 54524.05296977 50.03 311.777049  -5.555236 19.384
 67    96.712 54559.05297434 48.18 311.776719  -5.564626 22.807
 67    96.651 54559.05297499 50.60 311.775989  -5.561326 22.807
 67    96.552 54559.05297563 53.59 311.775259  -5.558026 22.807
 67    96.709 54559.05297628 51.19 311.774529  -5.554716 22.807
 68    96.213 54594.05296498 43.96 311.776236  -5.562897 19.812
 68    96.089 54594.05296563 46.13 311.775506  -5.559597 19.812
 68    96.039 54594.05296627 48.71 311.774776  -5.556297 19.812
 68    96.099 54594.05296692 50.79 311.774046  -5.552987 19.812
 69    92.914 54629.05297952 51.06 311.775926  -5.562213 20.596
 69    93.016 54629.05298017 51.85 311.775196  -5.558903 20.596
 69    92.956 54629.05298081 50.46 311.774466  -5.555603 20.596
 69    92.872 54629.05298145 49.72 311.773736  -5.552293 20.596
 70    92.466 54664.05298661 50.07 311.774367  -5.560974 14.921
 70    92.307 54664.05298726 49.59 311.773637  -5.557664 14.921
 70    92.183 54664.05298790 50.24 311.772907  -5.554364 14.921
 71    91.881 54699.05295859 47.37 311.777968  -5.563077 20.808
 71    91.893 54699.05295924 50.92 311.777238  -5.559777 20.808
 71    91.795 54699.05295988 52.89 311.776508  -5.556467 20.808
 72    91.434 54734.05294436 23.25 311.777023  -5.563401  8.907
 72    91.513 54734.05294501 26.79 311.776293  -5.560091  8.907
 72    91.529 54734.05294565 39.77 311.775563  -5.556791  8.907
 72    91.769 54734.05294630 45.00 311.774833  -5.553481  8.907
 73    91.904 54769.05293794 48.16 311.777864  -5.563451 20.921
 73    91.760 54769.05293858 40.35 311.777134  -5.560151 20.921
 73    91.724 54769.05293923 48.12 311.776404  -5.556851 20.921
 73    91.830 54769.05293987 48.48 311.775674  -5.553541 20.921
 74    92.142 54804.05293794 24.96 311.775664  -5.561490  8.359
 74    92.132 54804.05293859 32.00 311.774934  -5.558180  8.359
 74    92.183 54804.05293923 40.55 311.774204  -5.554880  8.359
 75    93.729 54839.05293247 50.85 311.777188  -5.562511 20.542
 75    93.556 54839.05293312 51.37 311.776458  -5.559211 20.542
 75    93.558 54839.05293376 52.61 311.775728  -5.555901 20.542
 76    95.634 54874.05293755 22.08 311.776754  -5.564723  6.117
 76    93.615 54874.05293820 23.31 311.776024  -5.561413  6.117
 76    94.083 54874.05293884 22.56 311.775294  -5.558113  6.117
 76    94.270 54874.05293949 20.86 311.774564  -5.554803  6.117
 77    95.864 54909.05293837 49.76 311.774902  -5.563071 24.622
 77    95.806 54909.05293902 51.60 311.774172  -5.559771 24.622
 77    95.884 54909.05293966 50.22 311.773442  -5.556471 24.622
 77    95.852 54909.05294030 51.18 311.772712  -5.553161 24.622
 78    96.226 54944.05293054 46.28 311.775850  -5.564184 14.061
 78    96.352 54944.05293118 47.34 311.775120  -5.560874 14.061
 78    96.303 54944.05293183 48.80 311.774390  -5.557574 14.061
 78    96.204 54944.05293247 52.18 311.773660  -5.554264 14.061
 79    96.575 54979.05295793 47.45 311.775694  -5.564042 20.825
 79    96.453 54979.05295858 50.15 311.774964  -5.560742 20.825
 79    96.480 54979.05295922 52.52 311.774234  -5.557442 20.825
 79    96.559 54979.05295987 52.30 311.773504  -5.554132 20.825
 80    93.078 55014.05296255 50.58 311.776252  -5.562492 20.583
 80    92.990 55014.05296319 51.42 311.775522  -5.559192 20.583
 80    93.150 55014.05296384 49.02 311.774792  -5.555882 20.583
 80    92.674 55014.05296448 49.97 311.774062  -5.552582 20.583
 81    92.365 55049.05295585 50.24 311.777486  -5.562918 20.696
 81    92.151 55049.05295649 51.68 311.776756  -5.559618 20.696
 81    92.167 55049.05295713 51.41 311.776026  -5.556308 20.696
 82    91.785 55084.05292461 45.83 311.776472  -5.564013 17.229
 82    91.694 55084.05292525 46.22 311.775742  -5.560713 17.229
 82    91.862 55084.05292590 51.03 311.775012  -5.557403 17.229
 82    91.868 55084.05292654 51.49 311.774282  -5.554103 17.229
 83    91.717 55119.05288722 18.63 311.778780  -5.563587  7.819
 83    91.811 55119.05288786 24.70 311.778050  -5.560287  7.819
 83    91.889 55119.05288851 40.34 311.777320  -5.556977  7.819
 84    92.813 55154.05288305 49.00 311.775925  -5.563569 21.610
 84    92.890 55154.05288369 51.66 311.775195  -5.560269 21.610
 84    92.730 55154.05288434 51.81 311.774465  -5.556969 21.610
 84    92.722 55154.05288498 50.97 311.773735  -5.553659 21.610
 85    93.881 55189.05287675 49.30 311.776313  -5.563097 12.246
 85    93.665 55189.05287739 51.71 311.775583  -5.559787 12.246
 85    93.597 55189.05287804 50.38 311.774853  -5.556487 12.246
 85    93.641 55189.05287868 46.14 311.774123  -5.553177 12.246
 86    95.306 55224.05288303 47.38 311.776110  -5.562558 18.661
 86    95.155 55224.05288368 51.95 311.775380  -5.559258 18.661
 86    95.294 55224.05288432 49.03 311.774650  -5.555948 18.661
 86    95.195 55224.05288497 49.59 311.773920  -5.552648 18.661
 87    95.793 55259.05287174 49.85 311.778197  -5.564846 19.219
 87    95.797 55259.05287238 51.12 311.777467  -5.561546 19.219
 87    95.797 55259.05287303 50.50 311.776737  -5.558236 19.219
 87    95.817 55259.05287367 50.75 311.776007  -5.554936 19.219
 88    96.356 55294.05286978 48.06 311.776073  -5.562286 21.839
 88    96.414 55294.05287043 49.69 311.775343  -5.558986 21.839
 88    96.402 55294.05287107 48.39 311.774613  -5.555686 21.839
 88    96.213 55294.05287172 50.03 311.773883  -5.552376 21.839
 89    94.356 55329.05285578 50.66 311.774429  -5.562479 25.805
 89    94.391 55329.05285643 53.71 311.773699  -5.559179 25.805
 89    94.325 55329.05285707 50.76 311.772969  -5.555879 25.805
 89    94.324 55329.05285772 50.85 311.772239  -5.552569 25.805
 90    92.489 55364.05284989 49.20 311.776723  -5.562880 19.385
 90    92.436 55364.05285053 46.65 311.775993  -5.559580 19.385
 90    92.418 55364.05285118 50.38 311.775263  -5.556270 19.385
 90    92.488 55364.05285182 49.50 311.774533  -5.552970 19.385
 91    91.809 55399.05285932 47.67 311.777207  -5.564889 16.349
 91    92.090 55399.05285996 50.76 311.776477  -5.561589 16.349
 91    91.984 55399.05286061 51.20 311.775747  -5.558279 16.349
 91    91.981 55399.05286125 51.24 311.775017  -5.554979 16.349
 92    91.426 55434.05286551 46.16 311.779266  -5.566309 19.694
 92    91.634 55434.05286615 51.98 311.778536  -5.563009 19.694
 92    91.788 55434.05286680 49.01 311.777806  -5.559709 19.694
 92    91.869 55434.05286744 47.76 311.777076  -5.556399 19.694
 93    91.352 55469.05282183 19.42 311.777220  -5.562977 10.051
 93    91.393 55469.05282248 21.94 311.776490  -5.559677 10.051
 93    91.342 55469.05282312 22.01 311.775760  -5.556377 10.051
 93    91.459 55469.05282377 24.34 311.775030  -5.553067 10.051
