#    0.000   0.000   0.000 ;Mean Elev.(m), Avg Gradient(m/km), RMS Gradient(m/km) - SRTM1     
#    0.000   0.000   0.000 ;Mean Elev.(m), Avg Gradient(m/km), RMS Gradient(m/km) - ASTER GDEM
#   96.386  -2.892   8.840 ;Mean Elev.(m), Avg Gradient(m/km), RMS Gradient(m/km) - GMTED2010 
  7 311.813517  -5.721980    92.589    92.589  2 52459.05296946 36.005
  9 311.813034  -5.721611    91.775    91.775  2 52529.05293639 35.236
 11 311.804682  -5.719953    92.529    92.505  4 52599.05298973 50.558
 12 311.810423  -5.721829    92.995    92.995  2 52634.05294079 50.867
 13 311.810158  -5.722597    95.460    95.460  2 52669.05295374 52.163
 15 311.811079  -5.721579    99.213    99.213  2 52739.05297432 46.888
 17 311.809562  -5.721825    93.324    93.324  2 52809.05299689 53.726
 18 311.811896  -5.722532    92.398    92.398  2 52844.05305368 51.794
 19 311.809907  -5.721759    92.037    92.037  2 52879.05309177 52.405
 23 311.812647  -5.721966    94.568    94.568  2 53019.05302930 49.607
 25 311.803295  -5.721840   101.133   101.085  4 53089.05305076 50.880
 26 311.812830  -5.721835   100.314   100.314  2 53124.05302086 48.337
 27 311.805070  -5.720797    95.407    95.400  4 53159.05308051 50.479
 30 311.808930  -5.721922    92.082    92.065  3 53264.05303957 50.943
 31 311.802463  -5.721547    92.488    92.456  3 53299.05308325 42.345
 32 311.811800  -5.721948    92.538    92.543  3 53334.05305363 49.880
 33 311.813731  -5.721980    93.226    93.226  2 53369.05299492 45.596
 34 311.812871  -5.721977    96.068    96.036  3 53404.05302628 34.730
 35 311.812218  -5.721273    98.908    98.908  2 53439.05301434 49.752
 36 311.807533  -5.720346    98.544    98.562  3 53474.05307391 49.331
 37 311.810780  -5.722047    96.690    96.669  3 53509.05309500 51.707
 38 311.807002  -5.719824    93.409    93.394  3 53544.05310891 51.951
 39 311.810541  -5.722888    92.263    92.263  2 53579.05308847 52.993
 40 311.808110  -5.720620    92.072    91.998  4 53614.05304253 49.363
 42 311.806395  -5.721404    91.989    91.877  4 53684.05306284 42.890
 47 311.807966  -5.719952    99.742    99.715  4 53859.05299079 50.230
 49 311.801666  -5.722326    93.082    93.090  4 53929.05306315 50.288
 50 311.804637  -5.720662    92.348    92.257  4 53964.05304369 50.368
 52 311.814793  -5.721826    92.486    92.486  2 54034.05304165 44.567
 54 311.811144  -5.722947    94.197    94.197  2 54104.05299175 36.508
 55 311.811878  -5.722329    95.949    95.949  2 54139.05296608 49.381
 56 311.810925  -5.721641    98.875    98.875  2 54174.05297097 35.390
 58 311.811874  -5.721348    94.198    94.198  2 54244.05300378 53.087
 59 311.811715  -5.720803    92.470    92.470  2 54279.05301640 51.220
 60 311.813248  -5.720886    91.924    91.924  2 54314.05301581 44.744
 61 311.812118  -5.722542    91.839    91.839  2 54349.05298556 52.812
 62 311.813267  -5.722228    91.854    91.854  2 54384.05295353 52.458
 63 311.811387  -5.722104    92.063    92.063  2 54419.05293503 51.777
 64 311.812986  -5.721590    92.405    92.409  3 54454.05292443 51.628
 65 311.813351  -5.722681    93.474    93.474  2 54489.05293405 52.300
 66 311.813966  -5.722075    95.648    95.648  2 54524.05293721 32.974
 67 311.811434  -5.721555    98.585    98.585  2 54559.05294372 51.864
 68 311.811689  -5.723138    97.794    97.794  2 54594.05293372 53.415
 69 311.811378  -5.722446    93.692    93.692  2 54629.05294825 50.037
 70 311.809820  -5.721199    92.396    92.396  2 54664.05295535 50.832
 71 311.813045  -5.721661    91.995    91.966  3 54699.05292765 51.299
 72 311.812120  -5.721980    91.821    91.833  3 54734.05291342 49.523
 73 311.812948  -5.722036    92.046    92.055  3 54769.05290699 51.455
 74 311.811124  -5.721712    92.498    92.498  2 54804.05290668 51.051
 75 311.812640  -5.722742    94.605    94.605  2 54839.05290120 50.681
 76 311.811478  -5.721651    95.471    95.471  2 54874.05290693 29.004
 77 311.810343  -5.723306    97.518    97.518  2 54909.05290710 51.154
 78 311.810579  -5.721105    98.366    98.366  2 54944.05289992 47.283
 79 311.810416  -5.720979    98.436    98.436  2 54979.05292731 51.643
 80 311.811704  -5.722724    93.520    93.520  2 55014.05293128 50.701
 81 311.812573  -5.721497    92.458    92.399  3 55049.05292490 49.373
 82 311.811181  -5.720947    92.024    92.024  2 55084.05289398 52.771
 83 311.813511  -5.720519    92.402    92.402  2 55119.05285660 45.966
 84 311.811007  -5.722152    93.488    93.452  3 55154.05285210 49.003
 85 311.811409  -5.721670    94.585    94.615  3 55189.05284580 49.481
 86 311.811559  -5.722792    96.801    96.801  2 55224.05285177 49.557
 87 311.812922  -5.721774    97.426    97.426  2 55259.05284112 50.140
 88 311.811514  -5.722520    98.074    98.074  2 55294.05283852 46.005
 89 311.809882  -5.722722    95.730    95.730  2 55329.05282452 50.227
 90 311.812170  -5.723113    92.814    92.814  2 55364.05281862 51.308
 91 311.811938  -5.721812    92.062    92.062  2 55399.05282870 51.887
 92 311.813256  -5.719935    91.792    91.792  2 55434.05283553 51.565
 93 311.812293  -5.721566    91.629    91.623  3 55469.05279089 32.230
