#    0.000   0.000   0.000 ;Mean Elev.(m), Avg Gradient(m/km), RMS Gradient(m/km) - SRTM1     
#    0.000   0.000   0.000 ;Mean Elev.(m), Avg Gradient(m/km), RMS Gradient(m/km) - ASTER GDEM
#    2.276  -1.003   4.907 ;Mean Elev.(m), Avg Gradient(m/km), RMS Gradient(m/km) - GMTED2010 
  7     2.702 52443.05559486 21.65 310.402540  -2.640423 14.825
  7     2.596 52443.05559550 19.68 310.401820  -2.637113 14.825
  7     2.282 52443.05559615 18.35 310.401090  -2.633813 14.825
  7     2.210 52443.05559679 19.72 310.400360  -2.630503 14.825
  7     2.643 52443.05559744 17.87 310.399635  -2.627198  3.884
  7     2.812 52443.05559937 19.86 310.397455  -2.617288  3.884
  7     2.098 52443.05560002 19.75 310.396725  -2.613988  3.884
  7     1.788 52443.05560066 19.52 310.395995  -2.610678  3.884
  8     0.280 52478.05559071 26.72 310.406185  -2.634202 12.790
  8     0.294 52478.05559135 28.41 310.405465  -2.630892 12.790
  8     0.631 52478.05559200 28.72 310.404735  -2.627592 12.790
  8     1.567 52478.05559264 33.99 310.404005  -2.624282 12.790
  8     1.225 52478.05559393 47.00 310.402555  -2.617672 12.790
  8     2.147 52478.05559458 47.52 310.401825  -2.614372 12.790
  8     1.254 52478.05559522 48.38 310.401095  -2.611062 12.790
  9     0.909 52513.05553553 19.89 310.416536  -2.618052 13.452
  9     1.553 52513.05553617 18.06 310.415806  -2.614752 13.452
  9     1.293 52513.05553682 18.92 310.415076  -2.611452 13.452
  9     1.303 52513.05553746 21.76 310.414357  -2.608147  6.466
 10     2.416 52548.05557501 34.43 310.409323  -2.631250 17.189
 10     2.762 52548.05557565 24.09 310.408593  -2.627950 17.189
 10     2.104 52548.05557630 22.60 310.407863  -2.624640 17.189
 10     1.844 52548.05557694 22.38 310.407143  -2.621340 17.189
 10     1.698 52548.05557759 23.80 310.406413  -2.618040 17.189
 10     1.865 52548.05557823 23.90 310.405683  -2.614726  4.559
 10     2.085 52548.05557888 25.46 310.404953  -2.611426  4.559
 10     2.167 52548.05557952 27.65 310.404233  -2.608126  4.559
 11     2.731 52583.05557784 13.17 310.412505  -2.625343 10.611
 11     2.016 52583.05557848 12.89 310.411785  -2.622043 10.611
 11     1.545 52583.05557913 13.71 310.411055  -2.618733 10.611
 11     1.400 52583.05557977 14.62 310.410325  -2.615433 10.611
 11     1.342 52583.05558042 15.65 310.409605  -2.612123 10.611
 11     1.199 52583.05558106 16.28 310.408875  -2.608823 10.611
 12     1.909 52618.05555070 22.01 310.407381  -2.632728 16.516
 12     2.072 52618.05555135 23.36 310.406651  -2.629418 16.516
 12     2.157 52618.05555199 24.08 310.405931  -2.626118 16.516
 12     2.185 52618.05555264 23.03 310.405201  -2.622808 16.516
 12     1.803 52618.05555328 24.33 310.404471  -2.619508 16.516
 12     2.087 52618.05555393 24.65 310.403751  -2.616198 16.516
 12     2.402 52618.05555457 26.09 310.403021  -2.612898 16.516
 12     2.313 52618.05555522 41.29 310.402291  -2.609588 16.516
 13     1.865 52653.05552686 15.97 310.417746  -2.619297 17.092
 13     1.819 52653.05552751 15.84 310.417016  -2.615997 17.092
 13     2.022 52653.05552815 16.10 310.416286  -2.612687 17.092
 13     2.174 52653.05552879 17.06 310.415566  -2.609387 17.092
 13     2.446 52653.05552944 18.19 310.414836  -2.606077 17.092
 14     1.805 52688.05552615 19.93 310.411277  -2.626946 17.496
 14     1.340 52688.05552680 20.30 310.410547  -2.623636 17.496
 14     1.338 52688.05552744 20.87 310.409817  -2.620336 17.496
 14     1.441 52688.05552809 22.80 310.409097  -2.617026 17.496
 14     1.845 52688.05552873 24.10 310.408367  -2.613726 17.496
 14     1.995 52688.05552938 27.11 310.407637  -2.610416 17.496
 14     2.172 52688.05553002 32.95 310.406907  -2.607116 17.496
 15     4.290 52723.05557261 36.18 310.410181  -2.627782 12.279
 15     3.858 52723.05557325 33.89 310.409461  -2.624482 12.279
 15     3.871 52723.05557390 40.10 310.408731  -2.621172 12.279
 15     3.858 52723.05557454 39.78 310.408001  -2.617872 12.279
 15     3.654 52723.05557519 36.50 310.407271  -2.614562 12.279
 15     3.759 52723.05557583 40.78 310.406551  -2.611262 12.279
 15     3.835 52723.05557648 44.73 310.405821  -2.607952 12.279
 16     2.799 52758.05559142 50.14 310.401106  -2.641438 24.270
 16     2.861 52758.05559206 52.62 310.400376  -2.638128 24.270
 16     2.893 52758.05559270 50.27 310.399656  -2.634828 24.270
 16     2.975 52758.05559335 51.20 310.398926  -2.631518 24.270
 16     2.852 52758.05559399 50.26 310.398196  -2.628218 24.270
 16     2.723 52758.05559593 49.08 310.396016  -2.618298 24.270
 16     2.885 52758.05559657 47.72 310.395286  -2.614998 24.270
 16     2.693 52758.05559722 47.78 310.394566  -2.611688 24.270
 17     2.718 52793.05554700 15.71 310.412550  -2.625532 11.538
 17     2.160 52793.05554764 16.07 310.411820  -2.622222 11.538
 17     1.624 52793.05554829 16.93 310.411090  -2.618922 11.538
 17     1.470 52793.05554893 16.99 310.410360  -2.615612 11.538
 17    -0.408 52793.05554958 20.37 310.409630  -2.612312 11.538
 17     0.245 52793.05555022 20.60 310.408910  -2.609012 11.538
 18     2.697 52828.05561521 15.51 310.414060  -2.623053  9.284
 18     2.439 52828.05561586 15.75 310.413330  -2.619743  9.284
 18     2.163 52828.05561650 16.73 310.412600  -2.616443  9.284
 18     2.158 52828.05561715 16.19 310.411870  -2.613133  9.284
 18     2.469 52828.05561779 15.88 310.411150  -2.609833  9.284
 18     2.556 52828.05561844 17.28 310.410420  -2.606533  9.284
 19    -1.539 52863.05566047 27.61 310.415413  -2.621627 16.965
 19    -2.519 52863.05566112 26.58 310.414683  -2.618317 16.965
 19    -2.769 52863.05566176 24.76 310.413953  -2.615017 16.965
 19     1.026 52863.05566241 23.46 310.413233  -2.611707 16.965
 19     1.616 52863.05566305 28.95 310.412503  -2.608407 16.965
 20     2.275 52898.05568849 14.38 310.408812  -2.630584 13.264
 20     2.244 52898.05568914 13.89 310.408092  -2.627274 13.264
 20     1.965 52898.05568978 14.40 310.407362  -2.623974 13.264
 20     1.849 52898.05569043 14.59 310.406632  -2.620664 13.264
 20     1.654 52898.05569107 16.33 310.405902  -2.617364 13.264
 20     1.622 52898.05569172 16.88 310.405182  -2.614054 13.264
 20    -1.097 52898.05569236 20.45 310.404452  -2.610754 13.264
 20    -0.377 52898.05569301 19.76 310.403722  -2.607444 13.264
 21     3.081 52933.05563407 31.35 310.407528  -2.630711 17.985
 21     1.925 52933.05563471 21.99 310.406798  -2.627401 17.985
 21     1.559 52933.05563536 22.10 310.406068  -2.624101 17.985
 21     1.377 52933.05563600 23.10 310.405348  -2.620791 17.985
 21     1.333 52933.05563665 23.08 310.404618  -2.617491 17.985
 21     1.546 52933.05563729 22.77 310.403888  -2.614181 17.985
 21     1.876 52933.05563794 22.60 310.403158  -2.610881 17.985
 21     1.931 52933.05563858 34.34 310.402438  -2.607571 17.985
 22     2.271 52968.05564205 16.02 310.411443  -2.626904 10.258
 22     1.970 52968.05564270 15.27 310.410713  -2.623604 10.258
 22     1.464 52968.05564334 16.22 310.409983  -2.620294 10.258
 22     1.122 52968.05564399 16.90 310.409263  -2.616994 10.258
 22     1.411 52968.05564463 15.53 310.408533  -2.613694 10.258
 22     1.368 52968.05564528 16.12 310.407804  -2.610379  3.976
 22     1.165 52968.05564592 16.92 310.407074  -2.607079  3.976
 24     1.681 53038.05561364 46.64 310.407323  -2.633571 25.072
 24     1.740 53038.05561428 34.69 310.406593  -2.630271 25.072
 24     1.054 53038.05561493 27.91 310.405873  -2.626961 25.072
 24     1.204 53038.05561557 31.65 310.405143  -2.623661 25.072
 24     1.741 53038.05561622 39.18 310.404413  -2.620351 25.072
 24     1.911 53038.05561686 40.59 310.403683  -2.617051 25.072
 24     2.225 53038.05561751 40.55 310.402963  -2.613741 25.072
 24     2.065 53038.05561815 39.08 310.402233  -2.610441 25.072
 25     4.427 53073.05564113 27.86 310.408568  -2.629271 16.451
 25     4.208 53073.05564177 24.80 310.407838  -2.625961 16.451
 25     3.809 53073.05564241 24.76 310.407108  -2.622661 16.451
 25     3.769 53073.05564306 23.38 310.406388  -2.619351 16.451
 25     4.227 53073.05564370 22.52 310.405658  -2.616051 16.451
 25     4.584 53073.05564435 22.62 310.404928  -2.612741 16.451
 25     4.600 53073.05564499 22.99 310.404205  -2.609435  3.580
 26     4.364 53108.05561409 47.16 310.407101  -2.632122 20.317
 26     4.290 53108.05561474 38.13 310.406371  -2.628822 20.317
 26     4.184 53108.05561538 38.18 310.405651  -2.625512 20.317
 26     3.895 53108.05561602 40.50 310.404921  -2.622212 20.317
 26     4.288 53108.05561667 38.03 310.404191  -2.618902 20.317
 26     4.252 53108.05561731 35.75 310.403471  -2.615602 20.317
 26     4.456 53108.05561796 35.65 310.402741  -2.612292 20.317
 26     4.558 53108.05561860 43.53 310.402011  -2.608992 20.317
 27     2.529 53143.05565093 44.25 310.409548  -2.628676 18.290
 27     2.426 53143.05565157 45.16 310.408818  -2.625376 18.290
 27     2.479 53143.05565222 46.80 310.408088  -2.622066 18.290
 27     2.478 53143.05565286 47.44 310.407368  -2.618766 18.290
 27     2.515 53143.05565350 45.45 310.406638  -2.615456 18.290
 27     2.336 53143.05565415 47.49 310.405910  -2.612151  9.352
 27     2.407 53143.05565479 48.32 310.405180  -2.608851  9.352
 28     2.189 53178.05567273 48.20 310.411579  -2.625757 21.630
 28     2.462 53178.05567338 45.98 310.410849  -2.622447 21.630
 28     1.529 53178.05567402 32.08 310.410119  -2.619147 21.630
 28     1.551 53178.05567467 31.03 310.409389  -2.615837 21.630
 28     2.200 53178.05567531 40.51 310.408669  -2.612537 21.630
 28     2.473 53178.05567596 45.83 310.407939  -2.609227 21.630
 29     2.549 53213.05569236 49.44 310.408650  -2.630687 22.844
 29     2.534 53213.05569301 49.37 310.407920  -2.627387 22.844
 29     2.558 53213.05569365 48.48 310.407190  -2.624077 22.844
 29     2.537 53213.05569430 46.87 310.406470  -2.620777 22.844
 29     2.512 53213.05569494 43.18 310.405740  -2.617467 22.844
 29     2.609 53213.05569559 44.25 310.405010  -2.614167 22.844
 29     2.362 53213.05569623 47.23 310.404290  -2.610857 22.844
 29     2.464 53213.05569687 47.61 310.403560  -2.607557 22.844
 30     1.410 53248.05566182 20.62 310.410576  -2.627380 16.726
 30     1.294 53248.05566247 20.58 310.409846  -2.624080 16.726
 30     1.113 53248.05566311 20.86 310.409116  -2.620770 16.726
 30     1.073 53248.05566376 21.62 310.408386  -2.617470 16.726
 30     1.187 53248.05566440 23.12 310.407666  -2.614160 16.726
 30     1.520 53248.05566505 23.17 310.406936  -2.610860 16.726
 30     1.926 53248.05566569 24.77 310.406206  -2.607560 16.726
 31     1.759 53283.05565222 20.84 310.407568  -2.631792 19.414
 31     1.844 53283.05565287 18.87 310.406838  -2.628482 19.414
 31     1.825 53283.05565351 18.06 310.406108  -2.625182 19.414
 31     1.755 53283.05565416 17.85 310.405378  -2.621872 19.414
 31     1.635 53283.05565480 18.23 310.404658  -2.618572 19.414
 31     1.409 53283.05565545 20.82 310.403928  -2.615262 19.414
 31     1.785 53283.05565609 17.80 310.403198  -2.611957  5.650
 31     1.534 53283.05565674 19.34 310.402468  -2.608657  5.650
 32     1.601 53318.05565284 14.35 310.413004  -2.623485 17.719
 32     1.522 53318.05565349 14.96 310.412274  -2.620175 17.719
 32     1.355 53318.05565413 15.38 310.411544  -2.616875 17.719
 32     1.461 53318.05565478 15.88 310.410814  -2.613565 17.719
 32     1.459 53318.05565542 17.24 310.410094  -2.610265 17.719
 32     1.672 53318.05565606 18.56 310.409364  -2.606955 17.719
 33     1.975 53353.05561901 17.12 310.414036  -2.622732 10.674
 33     1.605 53353.05561966 17.63 310.413316  -2.619422 10.674
 33     1.521 53353.05562030 17.11 310.412586  -2.616122 10.674
 33     1.684 53353.05562095 17.74 310.411856  -2.612812 10.674
 33     1.698 53353.05562159 18.32 310.411126  -2.609512 10.674
 33     2.022 53353.05562224 20.54 310.410406  -2.606202 10.674
 34     3.110 53388.05561372 36.36 310.409848  -2.628700 18.176
 34     3.281 53388.05561437 22.62 310.409128  -2.625400 18.176
 34     2.601 53388.05561501 22.42 310.408398  -2.622090 18.176
 34     2.233 53388.05561566 24.11 310.407668  -2.618790 18.176
 34     1.810 53388.05561630 24.52 310.406938  -2.615480 18.176
 34     1.919 53388.05561695 21.78 310.406218  -2.612180 18.176
 34     2.319 53388.05561759 21.39 310.405488  -2.608880 18.176
 35     2.762 53423.05561610 47.58 310.414679  -2.617629 18.207
 35     2.193 53423.05561675 48.40 310.413959  -2.614319 18.207
 35     1.963 53423.05561739 49.22 310.413229  -2.611019 18.207
 35     2.108 53423.05561804 51.88 310.412499  -2.607719 18.207
 36     4.243 53458.05562059 19.91 310.413926  -2.621511 14.105
 36     3.956 53458.05562123 18.55 310.413196  -2.618211 14.105
 36     4.083 53458.05562188 18.43 310.412466  -2.614901 14.105
 36     4.159 53458.05562252 19.16 310.411746  -2.611601 14.105
 36     4.483 53458.05562317 20.85 310.411016  -2.608301 14.105
 37     3.446 53493.05570349 49.11 310.404612  -2.636079 26.540
 37     3.522 53493.05570413 46.86 310.403882  -2.632779 26.540
 37     3.586 53493.05570478 48.03 310.403162  -2.629469 26.540
 37     3.437 53493.05570542 51.08 310.402432  -2.626169 26.540
 37     3.343 53493.05570606 49.92 310.401702  -2.622859 26.540
 37     3.369 53493.05570671 50.24 310.400972  -2.619559 26.540
 37     3.472 53493.05570735 51.28 310.400252  -2.616259 26.540
 37     3.604 53493.05570800 50.35 310.399522  -2.612949 26.540
 37     3.260 53493.05570864 43.95 310.398792  -2.609649 26.540
 38    -0.658 53528.05568501 23.13 310.413732  -2.621209 12.491
 38     0.613 53528.05568566 22.77 310.413002  -2.617899 12.491
 38     0.915 53528.05568630 21.81 310.412272  -2.614599 12.491
 38     0.893 53528.05568695 21.89 310.411552  -2.611289 12.491
 38     0.770 53528.05568759 24.51 310.410822  -2.607989 12.491
 39     2.167 53563.05571174 48.31 310.405517  -2.636575 25.123
 39     2.247 53563.05571238 48.01 310.404787  -2.633265 25.123
 39     2.187 53563.05571303 49.10 310.404057  -2.629965 25.123
 39     2.240 53563.05571367 48.24 310.403337  -2.626655 25.123
 39     2.213 53563.05571432 48.74 310.402607  -2.623355 25.123
 39     2.266 53563.05571496 47.05 310.401877  -2.620045 25.123
 39     2.053 53563.05571561 47.89 310.401147  -2.616745 25.123
 39     2.456 53563.05571625 44.32 310.400427  -2.613435 25.123
 39     2.123 53563.05571690 46.58 310.399697  -2.610135 25.123
 40     0.183 53598.05565400 28.43 310.413101  -2.623793 13.541
 40     0.739 53598.05565465 27.92 310.412371  -2.620483 13.541
 40     1.317 53598.05565529 27.84 310.411641  -2.617183 13.541
 40     1.856 53598.05565594 27.55 310.410921  -2.613873 13.541
 40     2.250 53598.05565658 31.61 310.410191  -2.610573 13.541
 40     1.951 53598.05565723 39.88 310.409461  -2.607273 13.541
 41     1.866 53633.05564813 19.91 310.407408  -2.633095 11.825
 41     1.338 53633.05564877 20.12 310.406678  -2.629785 11.825
 41     1.515 53633.05564942 19.31 310.405958  -2.626485 11.825
 41     1.410 53633.05565006 19.40 310.405228  -2.623175 11.825
 41     1.643 53633.05565071 19.78 310.404498  -2.619875 11.825
 41     1.616 53633.05565135 20.64 310.403768  -2.616565 11.825
 41     1.534 53633.05565200 20.27 310.403048  -2.613265 11.825
 41     1.598 53633.05565264 19.31 310.402318  -2.609965 11.825
 42     2.399 53668.05567011 15.90 310.406655  -2.633046 16.904
 42     2.117 53668.05567076 15.92 310.405935  -2.629736 16.904
 42     2.204 53668.05567140 15.60 310.405205  -2.626436 16.904
 42     2.269 53668.05567205 14.28 310.404475  -2.623126 16.904
 42     2.164 53668.05567269 14.70 310.403745  -2.619826 16.904
 42     2.132 53668.05567334 15.56 310.403025  -2.616516 16.904
 42     2.158 53668.05567398 13.99 310.402295  -2.613216 16.904
 42     1.492 53668.05567463 17.94 310.401565  -2.609916 16.904
 43    -0.428 53703.05561548 20.68 310.414015  -2.622635 17.413
 43     0.334 53703.05561612 21.45 310.413295  -2.619325 17.413
 43     0.729 53703.05561677 20.50 310.412565  -2.616025 17.413
 43     1.046 53703.05561741 20.58 310.411835  -2.612715 17.413
 43     1.443 53703.05561806 23.26 310.411105  -2.609415 17.413
 43     1.090 53703.05561870 40.64 310.410385  -2.606105 17.413
 44     1.906 53738.05552524 20.41 310.414102  -2.621961  8.837
 44    -0.583 53738.05552588 20.97 310.413372  -2.618661  8.837
 44    -0.468 53738.05552653 21.99 310.412642  -2.615351  8.837
 44     0.319 53738.05552717 22.51 310.411922  -2.612051  8.837
 44     0.881 53738.05552782 24.51 310.411192  -2.608741  8.837
 44     1.127 53738.05552846 26.21 310.410462  -2.605441  8.837
 45     2.244 53773.05553846 24.32 310.414876  -2.620546 23.405
 45     2.195 53773.05553910 27.15 310.414146  -2.617246 23.405
 45     2.202 53773.05553974 28.43 310.413426  -2.613936 23.405
 45     2.423 53773.05554039 28.17 310.412696  -2.610636 23.405
 45     3.148 53773.05554103 44.80 310.411966  -2.607326 23.405
 46     1.803 53808.05552504 28.39 310.412785  -2.623260 14.113
 46     2.006 53808.05552569 29.69 310.412055  -2.619960 14.113
 46     2.653 53808.05552633 32.93 310.411325  -2.616650 14.113
 46     2.499 53808.05552698 41.74 310.410605  -2.613350 14.113
 46     2.740 53808.05552762 43.72 310.409875  -2.610040 14.113
 46     3.051 53808.05552827 45.02 310.409145  -2.606740 14.113
 48     3.540 53878.05559468 50.86 310.412531  -2.622821 27.568
 48     3.648 53878.05559533 49.67 310.411801  -2.619511 27.568
 48     3.505 53878.05559597 49.98 310.411071  -2.616211 27.568
 48     3.477 53878.05559662 48.47 310.410351  -2.612901 27.568
 48     3.511 53878.05559726 47.89 310.409621  -2.609601 27.568
 48     3.514 53878.05559791 47.63 310.408891  -2.606301 27.568
 49     1.821 53913.05564559 16.99 310.405295  -2.634759 15.775
 49     1.723 53913.05564623 16.25 310.404565  -2.631449 15.775
 49     1.506 53913.05564688 16.74 310.403845  -2.628149 15.775
 49     1.785 53913.05564752 18.10 310.403115  -2.624839 15.775
 49     1.970 53913.05564816 23.75 310.402385  -2.621539 15.775
 49     2.328 53913.05564881 23.61 310.401655  -2.618229 15.775
 49     1.946 53913.05564945 15.75 310.400935  -2.614929 15.775
 49     1.854 53913.05565010 21.16 310.400205  -2.611619 15.775
 51     1.446 53983.05560134 47.26 310.409934  -2.630749 21.675
 51     1.548 53983.05560199 49.88 310.409214  -2.627439 21.675
 51     1.345 53983.05560263 49.52 310.408484  -2.624139 21.675
 51     1.578 53983.05560328 48.36 310.407754  -2.620829 21.675
 51     1.303 53983.05560392 47.38 310.407034  -2.617529 21.675
 51     1.322 53983.05560457 47.75 310.406304  -2.614219 21.675
 51     1.319 53983.05560521 51.18 310.405574  -2.610919 21.675
 51     1.427 53983.05560586 49.33 310.404854  -2.607609 21.675
 52     2.041 54018.05563169 20.89 310.411969  -2.626009 14.490
 52     1.609 54018.05563233 22.28 310.411239  -2.622699 14.490
 52     1.661 54018.05563298 22.23 310.410509  -2.619399 14.490
 52     1.659 54018.05563362 23.93 310.409779  -2.616089 14.490
 52     1.809 54018.05563427 25.24 310.409059  -2.612789 14.490
 52     1.869 54018.05563491 26.07 310.408329  -2.609479 14.490
 52     1.887 54018.05563556 27.19 310.407599  -2.606179 14.490
 53     1.031 54053.05562660 27.54 310.417158  -2.617647 22.105
 53     1.459 54053.05562724 30.22 310.416428  -2.614337 22.105
 53     1.868 54053.05562789 30.00 310.415698  -2.611037 22.105
 53     2.058 54053.05562853 31.35 310.414978  -2.607727 22.105
 54    -0.685 54088.05561698 10.20 310.411220  -2.624403  6.052
 54    -0.858 54088.05561762 10.06 310.410490  -2.621093  6.052
 54    -2.855 54088.05561827 11.52 310.409770  -2.617793  6.052
 54    -1.684 54088.05561891 11.03 310.409040  -2.614483  6.052
 54    -1.572 54088.05561956 11.95 310.408310  -2.611183  6.052
 54    -0.761 54088.05562020 11.80 310.407590  -2.607873  6.052
 55     0.890 54123.05553922 23.96 310.410691  -2.629610 14.168
 55     0.046 54123.05553986 24.31 310.409971  -2.626300 14.168
 55     0.218 54123.05554051 24.44 310.409241  -2.623000 14.168
 55     1.363 54123.05554115 22.84 310.408511  -2.619690 14.168
 55     1.877 54123.05554180 22.74 310.407791  -2.616390 14.168
 55     2.108 54123.05554244 24.11 310.407061  -2.613080 14.168
 55     2.297 54123.05554309 27.20 310.406331  -2.609780 14.168
 55     2.272 54123.05554373 30.07 310.405611  -2.606470 14.168
 56     3.225 54158.05558000 25.12 310.409740  -2.626965 11.707
 56     3.390 54158.05558065 24.84 310.409020  -2.623665 11.707
 56     3.094 54158.05558129 25.95 310.408290  -2.620355 11.707
 56     2.978 54158.05558194 25.95 310.407560  -2.617055 11.707
 56     3.064 54158.05558258 24.37 310.406830  -2.613745 11.707
 56     3.334 54158.05558323 23.82 310.406110  -2.610445 11.707
 56     3.537 54158.05558387 24.03 310.405380  -2.607135 11.707
 58     2.881 54228.05559147 17.81 310.410577  -2.629035 13.351
 58     2.577 54228.05559211 18.42 310.409857  -2.625725 13.351
 58     2.435 54228.05559276 16.96 310.409127  -2.622425 13.351
 58     2.163 54228.05559340 17.34 310.408397  -2.619115 13.351
 58     2.313 54228.05559405 16.94 310.407667  -2.615815 13.351
 58     2.353 54228.05559469 17.07 310.406937  -2.612505 13.351
 58     2.548 54228.05559534 17.30 310.406217  -2.609205 13.351
 59     1.744 54263.05561113 17.33 310.410821  -2.626804 13.661
 59     1.306 54263.05561178 17.18 310.410101  -2.623504 13.661
 59     1.226 54263.05561242 16.55 310.409371  -2.620194 13.661
 59     1.133 54263.05561307 17.18 310.408641  -2.616894 13.661
 59     1.293 54263.05561371 17.63 310.407921  -2.613584 13.661
 59     1.662 54263.05561436 18.18 310.407191  -2.610284 13.661
 59     1.694 54263.05561500 33.64 310.406461  -2.606974 13.661
 60     2.236 54298.05561583 40.58 310.411151  -2.626872 19.292
 60     2.169 54298.05561648 44.00 310.410431  -2.623562 19.292
 60     2.266 54298.05561712 42.82 310.409701  -2.620262 19.292
 60     2.078 54298.05561777 45.72 310.408971  -2.616952 19.292
 60     2.029 54298.05561841 45.20 310.408241  -2.613652 19.292
 60     2.154 54298.05561906 42.47 310.407521  -2.610342 19.292
 60     2.076 54298.05561970 41.90 310.406791  -2.607042 19.292
 61     1.801 54333.05560561 28.77 310.411508  -2.625480 13.145
 61     1.704 54333.05560626 30.14 310.410788  -2.622170 13.145
 61     1.703 54333.05560690 31.69 310.410058  -2.618870 13.145
 61     1.964 54333.05560755 32.27 310.409328  -2.615560 13.145
 61     2.088 54333.05560819 35.23 310.408598  -2.612260 13.145
 61     2.113 54333.05560883 38.36 310.407878  -2.608950 13.145
 63     1.642 54403.05554870 20.41 310.410892  -2.625862 10.384
 63     0.625 54403.05554934 21.34 310.410162  -2.622552 10.384
 63     1.466 54403.05554999 20.43 310.409432  -2.619252 10.384
 63     1.566 54403.05555063 19.93 310.408712  -2.615942 10.384
 63     1.686 54403.05555128 19.69 310.407982  -2.612642 10.384
 63     1.666 54403.05555192 20.69 310.407252  -2.609332 10.384
 65     0.843 54473.05553470 17.71 310.412239  -2.623839 18.608
 65     0.983 54473.05553535 17.68 310.411509  -2.620539 18.608
 65     0.824 54473.05553599 18.22 310.410779  -2.617229 18.608
 65     0.991 54473.05553664 21.79 310.410059  -2.613929 18.608
 65     1.135 54473.05553728 25.57 310.409329  -2.610619 18.608
 65     1.584 54473.05553793 29.88 310.408599  -2.607319 18.608
 66     3.214 54508.05551610 18.10 310.410864  -2.627444 10.193
 66     2.896 54508.05551674 17.08 310.410144  -2.624134 10.193
 66     2.605 54508.05551738 16.86 310.409414  -2.620834 10.193
 66     2.490 54508.05551803 16.26 310.408684  -2.617524 10.193
 66     2.529 54508.05551867 16.49 310.407954  -2.614224 10.193
 66     2.649 54508.05551932 15.80 310.407234  -2.610914 10.193
 66     2.972 54508.05551996 15.89 310.406504  -2.607614 10.193
 67     1.803 54543.05554906 36.14 310.411191  -2.623886 14.689
 67     1.783 54543.05554970 39.46 310.410471  -2.620586 14.689
 67     1.977 54543.05555035 41.81 310.409741  -2.617276 14.689
 67     1.752 54543.05555099 46.50 310.409011  -2.613976 14.689
 67     2.017 54543.05555164 41.70 310.408287  -2.610661 11.203
 67     1.444 54543.05555228 45.08 310.407557  -2.607361 11.203
 68     3.557 54578.05551856 20.43 310.410745  -2.629355 11.319
 68     3.184 54578.05551921 18.20 310.410015  -2.626045 11.319
 68     2.896 54578.05551985 17.28 310.409295  -2.622745 11.319
 68     2.612 54578.05552050 17.90 310.408565  -2.619435 11.319
 68     2.691 54578.05552114 16.90 310.407835  -2.616135 11.319
 68     2.931 54578.05552179 16.60 310.407105  -2.612825 11.319
 68     3.026 54578.05552243 16.70 310.406388  -2.609529  5.195
 69     2.733 54613.05554005 16.01 310.411138  -2.625441 10.549
 69     2.430 54613.05554070 15.22 310.410418  -2.622131 10.549
 69     2.185 54613.05554134 15.15 310.409688  -2.618831 10.549
 69     2.262 54613.05554199 15.38 310.408958  -2.615521 10.549
 69     2.205 54613.05554263 16.34 310.408233  -2.612224  7.138
 69     2.747 54613.05554328 14.54 310.407503  -2.608914  7.138
 70     1.118 54648.05554616 46.47 310.410271  -2.627357 18.021
 70     1.168 54648.05554680 37.73 310.409541  -2.624057 18.021
 70     0.978 54648.05554745 37.37 310.408821  -2.620747 18.021
 70     1.157 54648.05554809 43.38 310.408091  -2.617447 18.021
 70     1.121 54648.05554874 45.87 310.407361  -2.614137 18.021
 70     1.269 54648.05554938 48.72 310.406637  -2.610842  8.054
 70     1.159 54648.05555003 45.67 310.405907  -2.607532  8.054
 71     0.364 54683.05554690 23.13 310.410299  -2.626248 12.057
 71    -0.246 54683.05554754 21.33 310.409569  -2.622948 12.057
 71     1.253 54683.05554819 20.71 310.408849  -2.619638 12.057
 71     1.284 54683.05554883 20.08 310.408119  -2.616338 12.057
 71     1.414 54683.05554948 19.37 310.407389  -2.613028 12.057
 71     0.972 54683.05555012 21.58 310.406667  -2.609733  2.842
 71     0.943 54683.05555077 23.51 310.405937  -2.606423  2.842
 72     2.559 54718.05549420 23.04 310.411208  -2.627614 15.811
 72     2.280 54718.05549485 23.14 310.410478  -2.624304 15.811
 72     2.079 54718.05549549 23.83 310.409748  -2.621004 15.811
 72     1.659 54718.05549614 25.30 310.409028  -2.617694 15.811
 72     1.864 54718.05549678 25.21 310.408298  -2.614394 15.811
 72     2.148 54718.05549743 25.63 310.407578  -2.611084 15.811
 72     2.175 54718.05549807 29.98 310.406841  -2.607787  8.588
 73     0.683 54753.05551922 20.59 310.410694  -2.627983 13.581
 73     0.919 54753.05551986 20.83 310.409964  -2.624683 13.581
 73     0.995 54753.05552050 20.06 310.409244  -2.621373 13.581
 73     0.877 54753.05552115 21.17 310.408514  -2.618073 13.581
 73     0.894 54753.05552179 22.58 310.407784  -2.614763 13.581
 73     1.142 54753.05552244 23.37 310.407057  -2.611466  7.621
 73     1.460 54753.05552308 24.00 310.406327  -2.608156  7.621
 74     2.470 54788.05548413 24.58 310.410370  -2.627395 13.587
 74     0.279 54788.05548477 24.71 310.409640  -2.624085 13.587
 74     1.035 54788.05548541 25.48 310.408910  -2.620785 13.587
 74     1.457 54788.05548606 26.25 310.408190  -2.617475 13.587
 74     1.598 54788.05548670 28.95 310.407460  -2.614175 13.587
 74     2.163 54788.05548735 29.00 310.406730  -2.610865 13.587
 74     2.012 54788.05548799 31.76 310.406011  -2.607569  5.928
 75     1.577 54823.05551483 23.32 310.410425  -2.622338 15.327
 75     1.549 54823.05551548 24.01 310.409705  -2.619038 15.327
 75     1.780 54823.05551612 24.86 310.408975  -2.615738 15.327
 75     2.029 54823.05551677 25.01 310.408248  -2.612433  8.039
 75     2.375 54823.05551741 24.93 310.407518  -2.609123  8.039
 76     1.981 54858.05548101 17.22 310.410740  -2.625001 11.593
 76     1.713 54858.05548166 18.61 310.410010  -2.621701 11.593
 76     1.669 54858.05548230 17.92 310.409290  -2.618391 11.593
 76     1.826 54858.05548295 18.44 310.408560  -2.615091 11.593
 76     1.860 54858.05548359 20.21 310.407830  -2.611781 11.593
 76     2.027 54858.05548424 21.43 310.407110  -2.608484  3.327
 77     3.436 54893.05551546 41.28 310.410096  -2.630677 19.014
 77     2.943 54893.05551610 35.56 310.409366  -2.627367 19.014
 77     2.815 54893.05551675 18.83 310.408636  -2.624067 19.014
 77     2.670 54893.05551739 18.84 310.407916  -2.620757 19.014
 77     2.731 54893.05551804 18.92 310.407186  -2.617457 19.014
 77     2.730 54893.05551868 18.39 310.406456  -2.614147 19.014
 77     3.076 54893.05551933 18.39 310.405734  -2.610851  5.361
 77     3.361 54893.05551997 19.55 310.405004  -2.607541  5.361
 78     0.944 54928.05547732 28.65 310.409674  -2.631110 14.629
 78     1.394 54928.05547796 28.94 310.408944  -2.627810 14.629
 78     2.076 54928.05547861 29.79 310.408214  -2.624500 14.629
 78     2.918 54928.05547925 33.14 310.407484  -2.621200 14.629
 78     2.719 54928.05547990 43.60 310.406764  -2.617890 14.629
 78     2.832 54928.05548054 45.09 310.406034  -2.614590 14.629
 78     3.153 54928.05548118 41.91 310.405304  -2.611290 14.629
 78     2.536 54928.05548183 50.80 310.404587  -2.607985  8.350
 80     3.225 54998.05553641 50.07 310.408637  -2.629993 23.355
 80     3.209 54998.05553706 49.99 310.407907  -2.626693 23.355
 80     3.227 54998.05553770 49.02 310.407187  -2.623383 23.355
 80     3.132 54998.05553835 48.39 310.406457  -2.620083 23.355
 80     2.931 54998.05553899 44.63 310.405727  -2.616773 23.355
 80     2.557 54998.05553964 37.69 310.405003  -2.613476  9.098
 80     3.215 54998.05554028 42.14 310.404273  -2.610166  9.098
 82     2.376 55068.05551470 21.51 310.410893  -2.626153 15.075
 82     1.904 55068.05551535 21.28 310.410163  -2.622853 15.075
 82     1.425 55068.05551599 23.82 310.409443  -2.619543 15.075
 82     1.986 55068.05551664 23.34 310.408713  -2.616243 15.075
 82     2.382 55068.05551728 23.03 310.407983  -2.612933 15.075
 82     2.677 55068.05551793 23.88 310.407263  -2.609637  9.540
 82     2.716 55068.05551857 41.07 310.406533  -2.606327  9.540
 83     2.091 55103.05545235 48.04 310.409569  -2.630760 20.390
 83     2.287 55103.05545299 50.62 310.408839  -2.627460 20.390
 83     2.331 55103.05545364 45.44 310.408109  -2.624150 20.390
 83     2.312 55103.05545428 39.37 310.407389  -2.620850 20.390
 83     2.050 55103.05545493 39.23 310.406659  -2.617540 20.390
 83     2.066 55103.05545557 41.81 310.405929  -2.614240 20.390
 83     1.996 55103.05545622 43.11 310.405199  -2.610930 20.390
 83     2.090 55103.05545686 46.52 310.404473  -2.607632  8.066
 84    -0.555 55138.05546078 21.13 310.410990  -2.626839 14.135
 84    -0.526 55138.05546143 20.39 310.410260  -2.623539 14.135
 84     0.715 55138.05546207 19.21 310.409540  -2.620229 14.135
 84     0.831 55138.05546272 19.17 310.408810  -2.616929 14.135
 84     1.034 55138.05546336 19.96 310.408080  -2.613619 14.135
 84     1.275 55138.05546401 19.96 310.407355  -2.610324  3.712
 84     1.562 55138.05546465 21.42 310.406625  -2.607014  3.712
 85     2.674 55173.05542176 11.12 310.410681  -2.627591 11.253
 85     0.642 55173.05542241 11.83 310.409951  -2.624281 11.253
 85    -0.190 55173.05542305 11.71 310.409221  -2.620981 11.253
 85    -0.416 55173.05542370 11.73 310.408501  -2.617671 11.253
 85    -0.001 55173.05542434 10.50 310.407771  -2.614371 11.253
 85     0.757 55173.05542499 12.37 310.407041  -2.611061 11.253
 85     1.374 55173.05542563 17.89 310.406322  -2.607766  4.200
 86     1.379 55208.05545593 16.21 310.410477  -2.625673 16.145
 86     1.482 55208.05545658 15.79 310.409747  -2.622363 16.145
 86     1.574 55208.05545722 15.01 310.409027  -2.619063 16.145
 86     1.359 55208.05545787 15.57 310.408297  -2.615763 16.145
 86     1.634 55208.05545851 15.59 310.407571  -2.612457  3.573
 86     1.616 55208.05545916 17.24 310.406841  -2.609147  3.573
 87     3.180 55243.05542563 17.04 310.410161  -2.629779 11.577
 87     2.805 55243.05542627 16.22 310.409431  -2.626479 11.577
 87     2.341 55243.05542692 16.34 310.408701  -2.623169 11.577
 87     2.166 55243.05542756 15.75 310.407971  -2.619869 11.577
 87     1.868 55243.05542820 15.67 310.407251  -2.616559 11.577
 87     1.608 55243.05542885 16.10 310.406521  -2.613259 11.577
 87     1.876 55243.05542949 17.43 310.405801  -2.609949 11.577
 87     1.642 55243.05543014 17.80 310.405064  -2.606652 10.296
 88     3.136 55278.05544913 20.55 310.410003  -2.626408 10.130
 88     2.582 55278.05544977 20.82 310.409273  -2.623108 10.130
 88     2.477 55278.05545042 20.86 310.408553  -2.619798 10.130
 88     2.813 55278.05545106 20.62 310.407823  -2.616498 10.130
 88     3.141 55278.05545171 19.56 310.407093  -2.613198 10.130
 88     3.213 55278.05545235 20.86 310.406371  -2.609884  4.277
 88     3.200 55278.05545300 20.35 310.405641  -2.606584  4.277
 89     3.155 55313.05541215 18.35 310.410622  -2.628598 12.755
 89     2.806 55313.05541279 18.89 310.409892  -2.625288 12.755
 89     2.545 55313.05541344 17.04 310.409162  -2.621988 12.755
 89     2.494 55313.05541408 16.89 310.408442  -2.618678 12.755
 89     2.596 55313.05541473 16.68 310.407712  -2.615378 12.755
 89     2.516 55313.05541537 17.22 310.406982  -2.612078 12.755
 89     2.903 55313.05541602 16.52 310.406264  -2.608772  4.277
 90     2.427 55348.05542025 15.76 310.410916  -2.626107 17.718
 90     2.139 55348.05542090 15.03 310.410196  -2.622797 17.718
 90     1.829 55348.05542154 15.82 310.409466  -2.619497 17.718
 90     1.737 55348.05542219 15.36 310.408736  -2.616187 17.718
 90     0.990 55348.05542283 19.55 310.408013  -2.612890  6.613
 90     1.832 55348.05542348 17.09 310.407283  -2.609580  6.613
 90     1.950 55348.05542412 18.31 310.406553  -2.606280  6.613
 91     2.449 55383.05541021 40.22 310.410096  -2.626546 13.127
 91     2.486 55383.05541086 38.70 310.409366  -2.623246 13.127
 91     2.506 55383.05541150 38.14 310.408646  -2.619936 13.127
 91     2.328 55383.05541215 39.24 310.407916  -2.616636 13.127
 91     2.292 55383.05541279 38.94 310.407186  -2.613336 13.127
 91     2.319 55383.05541344 37.08 310.406464  -2.610031  6.521
 91     2.591 55383.05541408 40.43 310.405734  -2.606721  6.521
 92     1.577 55418.05543911 29.29 310.410985  -2.625565 10.793
 92     1.139 55418.05543975 29.51 310.410265  -2.622255 10.793
 92     1.271 55418.05544040 28.85 310.409535  -2.618955 10.793
 92     1.396 55418.05544104 29.64 310.408805  -2.615655 10.793
 92     1.625 55418.05544169 33.37 310.408078  -2.612351  9.621
 92     1.695 55418.05544233 41.31 310.407348  -2.609041  9.621
 93     1.670 55453.05541992 21.94 310.410872  -2.625723 14.277
 93     1.708 55453.05542057 20.56 310.410142  -2.622423 14.277
 93     1.678 55453.05542121 22.32 310.409422  -2.619113 14.277
 93     2.044 55453.05542186 23.50 310.408692  -2.615813 14.277
 93     2.157 55453.05542250 28.28 310.407962  -2.612503 14.277
 93     2.448 55453.05542315 30.19 310.407242  -2.609206  8.424
 94     1.476 55488.05534122 15.48 310.411117  -2.624195 10.136
 94     1.191 55488.05534186 15.14 310.410387  -2.620895 10.136
 94     1.087 55488.05534251 14.48 310.409657  -2.617585 10.136
 94     1.124 55488.05534315 13.95 310.408937  -2.614285 10.136
 94     0.987 55488.05534380 13.90 310.408207  -2.610975 10.136
 94     1.086 55488.05534444 13.30 310.407477  -2.607675 10.136
