#    0.000   0.000   0.000 ;Mean Elev.(m), Avg Gradient(m/km), RMS Gradient(m/km) - SRTM1     
#    0.000   0.000   0.000 ;Mean Elev.(m), Avg Gradient(m/km), RMS Gradient(m/km) - ASTER GDEM
#  138.527  -2.253   6.167 ;Mean Elev.(m), Avg Gradient(m/km), RMS Gradient(m/km) - GMTED2010 
  8   134.141 52497.05663555 47.40 310.740460  -7.360172 25.983
  8   133.968 52497.05663620 50.52 310.739730  -7.356862 25.983
  8   134.055 52497.05663684 49.52 310.739000  -7.353562 25.983
  8   134.092 52497.05663749 53.00 310.738258  -7.350262 12.276
  8   133.985 52497.05663813 50.12 310.737528  -7.346962 12.276
  9   133.824 52532.05662162 49.09 310.737055  -7.363320 30.696
  9   133.648 52532.05662226 47.31 310.736325  -7.360020 30.696
  9   133.715 52532.05662291 49.50 310.735585  -7.356710 30.696
  9   133.780 52532.05662355 46.72 310.734855  -7.353410 30.696
  9   133.695 52532.05662420 50.78 310.734115  -7.350110 30.696
 10   133.783 52567.05664573 48.54 310.742120  -7.357157 31.010
 10   133.871 52567.05664638 50.35 310.741390  -7.353857 31.010
 10   133.816 52567.05664702 51.53 310.740650  -7.350547 31.010
 10   133.731 52567.05664767 53.56 310.739920  -7.347247 31.010
 10   133.809 52567.05664831 47.17 310.739180  -7.343947 31.010
 11   134.307 52602.05664990 38.32 310.734949  -7.368773 28.798
 11   134.306 52602.05665055 40.81 310.734219  -7.365463 28.798
 11   134.249 52602.05665119 39.52 310.733489  -7.362163 28.798
 11   134.205 52602.05665183 48.13 310.732749  -7.358863 28.798
 11   134.254 52602.05665248 45.73 310.732019  -7.355563 28.798
 12   134.902 52637.05661854 50.62 310.736526  -7.362567 31.464
 12   134.979 52637.05661919 52.28 310.735796  -7.359267 31.464
 12   134.940 52637.05661983 53.19 310.735056  -7.355967 31.464
 12   134.846 52637.05662047 52.95 310.734326  -7.352657 31.464
 13   136.346 52672.05662183 25.69 310.737304  -7.364193 15.075
 13   136.537 52672.05662247 23.81 310.736574  -7.360893 15.075
 13   136.671 52672.05662312 24.22 310.735844  -7.357583 15.075
 13   138.573 52672.05662376 24.41 310.735104  -7.354283 15.075
 13   138.865 52672.05662441 28.21 310.734374  -7.350983 15.075
 14   138.291 52707.05662410 51.17 310.739309  -7.360488 38.362
 14   138.232 52707.05662475 52.85 310.738579  -7.357188 38.362
 14   138.255 52707.05662539 52.31 310.737839  -7.353888 38.362
 14   138.272 52707.05662604 53.08 310.737109  -7.350578 38.362
 14   138.341 52707.05662668 50.13 310.736369  -7.347278 38.362
 15   139.590 52742.05665408 47.33 310.735532  -7.368763 34.495
 15   139.431 52742.05665472 46.20 310.734802  -7.365463 34.495
 15   139.494 52742.05665537 47.27 310.734072  -7.362163 34.495
 15   139.475 52742.05665601 48.38 310.733332  -7.358853 34.495
 15   139.376 52742.05665666 48.76 310.732602  -7.355553 34.495
 15   139.357 52742.05665730 50.46 310.731862  -7.352253 34.495
 16   137.588 52777.05659758 51.36 310.740366  -7.360383 37.889
 16   137.552 52777.05659822 52.95 310.739636  -7.357083 37.889
 16   137.618 52777.05659887 51.25 310.738906  -7.353783 37.889
 16   137.661 52777.05659951 53.53 310.738166  -7.350473 37.889
 16   137.492 52777.05660016 51.97 310.737436  -7.347173 37.889
 17   134.772 52812.05667590 37.17 310.736353  -7.364378 19.062
 17   134.755 52812.05667654 32.77 310.735613  -7.361078 19.062
 17   134.659 52812.05667719 23.03 310.734883  -7.357768 19.062
 17   134.472 52812.05667783 19.17 310.734153  -7.354468 19.062
 17   134.180 52812.05667848 18.30 310.733413  -7.351168 19.062
 18   134.247 52847.05673073 49.88 310.738287  -7.363337 29.986
 18   134.152 52847.05673137 46.87 310.737547  -7.360027 29.986
 18   134.208 52847.05673202 49.93 310.736817  -7.356727 29.986
 18   134.116 52847.05673266 51.12 310.736087  -7.353427 29.986
 18   134.003 52847.05673331 51.76 310.735347  -7.350117 29.986
 19   134.008 52882.05676705 52.64 310.736083  -7.364759 28.593
 19   133.759 52882.05676770 50.43 310.735343  -7.361459 28.593
 19   133.803 52882.05676834 50.74 310.734613  -7.358149 28.593
 19   133.823 52882.05676899 51.31 310.733883  -7.354849 28.593
 19   133.809 52882.05676963 49.20 310.733143  -7.351549 28.593
 20   133.888 52917.05672517 42.51 310.739091  -7.358226 36.254
 20   133.668 52917.05672581 52.58 310.738361  -7.354926 36.254
 20   133.786 52917.05672646 51.47 310.737621  -7.351616 36.254
 20   133.650 52917.05672710 53.45 310.736891  -7.348316 36.254
 21   134.251 52952.05668661 47.12 310.742950  -7.356394 28.188
 21   134.351 52952.05668726 51.27 310.742220  -7.353084 28.188
 21   134.197 52952.05668790 52.97 310.741480  -7.349784 28.188
 21   134.231 52952.05668854 51.02 310.740750  -7.346484 28.188
 21   134.256 52952.05668919 49.27 310.740010  -7.343174 28.188
 22   134.876 52987.05670244 51.66 310.744423  -7.354098 31.405
 22   134.917 52987.05670309 52.36 310.743683  -7.350798 31.405
 22   134.973 52987.05670373 52.82 310.742953  -7.347498 31.405
 22   134.993 52987.05670438 52.35 310.742213  -7.344188 31.405
 22   134.967 52987.05670502 46.07 310.741483  -7.340888 31.405
 23   136.436 53022.05669073 29.42 310.741461  -7.357598 20.967
 23   136.191 53022.05669138 26.53 310.740731  -7.354288 20.967
 23   136.449 53022.05669202 31.71 310.739991  -7.350988 20.967
 23   136.490 53022.05669267 41.12 310.739261  -7.347688 20.967
 23   136.452 53022.05669331 45.44 310.738531  -7.344388 20.967
 24   140.203 53057.05668321 51.47 310.743266  -7.353096 35.069
 24   140.174 53057.05668385 53.37 310.742526  -7.349796 35.069
 24   140.258 53057.05668449 51.21 310.741796  -7.346486 35.069
 24   140.084 53057.05668514 54.85 310.741066  -7.343186 35.069
 25   141.320 53092.05671745 27.67 310.732166  -7.371773 26.735
 25   141.239 53092.05671809 28.34 310.731436  -7.368473 26.735
 25   141.140 53092.05671873 27.66 310.730696  -7.365173 26.735
 25   141.133 53092.05671938 28.02 310.729966  -7.361873 26.735
 25   141.485 53092.05672002 27.69 310.729226  -7.358563 26.735
 26   140.298 53127.05669081 51.54 310.741149  -7.357955 40.425
 26   140.360 53127.05669145 50.58 310.740419  -7.354655 40.425
 26   140.367 53127.05669210 52.68 310.739679  -7.351355 40.425
 26   140.253 53127.05669274 53.37 310.738949  -7.348045 40.425
 26   140.315 53127.05669339 51.52 310.738219  -7.344745 40.425
 27   135.918 53162.05675228 48.07 310.734333  -7.370647 27.130
 27   135.842 53162.05675292 51.80 310.733603  -7.367347 27.130
 27   135.916 53162.05675357 51.49 310.732863  -7.364037 27.130
 27   135.907 53162.05675421 49.86 310.732133  -7.360737 27.130
 27   135.862 53162.05675486 51.98 310.731403  -7.357437 27.130
 27   135.824 53162.05675550 50.01 310.730663  -7.354127 27.130
 28   134.604 53197.05675339 52.35 310.739201  -7.359307 31.670
 28   134.413 53197.05675403 52.08 310.738461  -7.355997 31.670
 28   134.434 53197.05675468 51.61 310.737731  -7.352697 31.670
 28   134.497 53197.05675532 53.82 310.736991  -7.349397 31.670
 29   134.125 53232.05673352 51.45 310.743205  -7.354331 23.748
 29   133.992 53232.05673416 52.47 310.742475  -7.351031 23.748
 29   134.035 53232.05673481 51.19 310.741745  -7.347731 23.748
 29   133.983 53232.05673545 51.24 310.741005  -7.344421 23.748
 30   133.906 53267.05670096 50.63 310.736554  -7.363734 30.784
 30   133.676 53267.05670160 50.31 310.735814  -7.360434 30.784
 30   133.660 53267.05670225 43.87 310.735084  -7.357134 30.784
 30   133.514 53267.05670289 34.83 310.734354  -7.353824 30.784
 30   133.778 53267.05670354 45.31 310.733614  -7.350524 30.784
 31   134.147 53302.05675349 49.53 310.731614  -7.369515 24.133
 31   134.114 53302.05675414 51.28 310.730884  -7.366215 24.133
 31   134.100 53302.05675478 54.96 310.730144  -7.362905 24.133
 31   134.051 53302.05675543 52.18 310.729414  -7.359605 24.133
 31   133.984 53302.05675607 45.21 310.728674  -7.356305 24.133
 32   134.992 53337.05672471 52.29 310.737788  -7.362648 30.124
 32   134.876 53337.05672535 54.38 310.737048  -7.359338 30.124
 32   134.775 53337.05672600 52.97 310.736318  -7.356038 30.124
 32   134.867 53337.05672664 53.38 310.735588  -7.352738 30.124
 32   134.726 53337.05672729 52.79 310.734848  -7.349428 30.124
 33   134.396 53372.05666100 19.20 310.738950  -7.358592 16.596
 33   134.275 53372.05666165 18.09 310.738210  -7.355282 16.596
 33   134.443 53372.05666229 18.25 310.737480  -7.351982 16.596
 33   134.074 53372.05666294 18.69 310.736750  -7.348682 16.596
 35   139.314 53442.05668323 33.66 310.737699  -7.361246 38.921
 35   139.359 53442.05668387 38.69 310.736969  -7.357936 38.921
 35   139.357 53442.05668452 46.52 310.736229  -7.354636 38.921
 35   139.448 53442.05668516 46.79 310.735499  -7.351336 38.921
 36   138.933 53477.05675240 33.41 310.734279  -7.366097 18.974
 36   139.085 53477.05675304 32.81 310.733549  -7.362797 18.974
 36   138.964 53477.05675369 35.43 310.732809  -7.359497 18.974
 36   139.187 53477.05675433 43.74 310.732079  -7.356187 18.974
 36   139.691 53477.05675498 47.06 310.731349  -7.352887 18.974
 37   136.943 53512.05676591 53.79 310.737870  -7.362214 37.620
 37   136.962 53512.05676656 50.15 310.737130  -7.358904 37.620
 37   137.003 53512.05676720 51.07 310.736400  -7.355604 37.620
 37   137.022 53512.05676785 52.84 310.735660  -7.352304 37.620
 37   136.949 53512.05676849 52.74 310.734930  -7.348994 37.620
 38   134.767 53547.05678256 49.91 310.734416  -7.367881 24.136
 38   134.809 53547.05678320 52.13 310.733686  -7.364571 24.136
 38   134.615 53547.05678385 50.20 310.732946  -7.361271 24.136
 38   134.680 53547.05678449 50.77 310.732216  -7.357971 24.136
 38   134.732 53547.05678514 52.52 310.731476  -7.354661 24.136
 39   133.997 53582.05675358 50.24 310.738189  -7.362754 30.897
 39   133.941 53582.05675423 45.26 310.737459  -7.359454 30.897
 39   133.912 53582.05675487 51.11 310.736719  -7.356144 30.897
 39   134.037 53582.05675551 51.99 310.735989  -7.352844 30.897
 39   134.057 53582.05675616 51.99 310.735259  -7.349544 30.897
 40   133.513 53617.05670842 44.06 310.735471  -7.366338 29.921
 40   133.682 53617.05670907 44.69 310.734731  -7.363038 29.921
 40   133.637 53617.05670971 49.59 310.734001  -7.359738 29.921
 40   133.534 53617.05671036 52.91 310.733261  -7.356428 29.921
 40   133.591 53617.05671100 53.54 310.732531  -7.353128 29.921
 41   133.550 53652.05672624 50.85 310.739118  -7.361855 39.194
 41   133.548 53652.05672688 50.26 310.738378  -7.358555 39.194
 41   133.636 53652.05672753 50.90 310.737648  -7.355245 39.194
 41   133.487 53652.05672817 53.51 310.736918  -7.351945 39.194
 41   133.535 53652.05672882 52.93 310.736178  -7.348645 39.194
 42   133.412 53687.05672894 38.61 310.735481  -7.367747 25.480
 42   133.774 53687.05672959 44.32 310.734741  -7.364447 25.480
 42   133.685 53687.05673023 47.07 310.734011  -7.361147 25.480
 42   133.737 53687.05673087 46.22 310.733281  -7.357837 25.480
 42   133.599 53687.05673152 52.16 310.732541  -7.354537 25.480
 43   135.318 53722.05665568 50.20 310.740145  -7.360806 32.730
 43   135.241 53722.05665633 51.70 310.739415  -7.357506 32.730
 43   135.220 53722.05665697 51.97 310.738685  -7.354196 32.730
 43   135.130 53722.05665762 53.45 310.737945  -7.350896 32.730
 43   135.095 53722.05665826 53.46 310.737215  -7.347596 32.730
 44   137.455 53757.05658914 49.24 310.744606  -7.353388 27.724
 44   137.439 53757.05658978 53.02 310.743876  -7.350088 27.724
 44   137.482 53757.05659043 52.56 310.743136  -7.346788 27.724
 44   137.372 53757.05659107 52.14 310.742406  -7.343488 27.724
 44   137.409 53757.05659172 44.78 310.741666  -7.340178 27.724
 45   137.004 53792.05661377 49.88 310.741016  -7.356025 25.616
 45   137.070 53792.05661441 46.37 310.740286  -7.352725 25.616
 45   136.680 53792.05661506 43.55 310.739546  -7.349415 25.616
 45   136.736 53792.05661570 41.77 310.738816  -7.346115 25.616
 46   138.234 53827.05657868 48.91 310.742272  -7.354534 34.221
 46   138.266 53827.05657932 49.25 310.741542  -7.351234 34.221
 46   138.328 53827.05657997 48.14 310.740802  -7.347934 34.221
 46   138.370 53827.05658061 51.57 310.740072  -7.344624 34.221
 47   139.993 53862.05666466 50.72 310.736079  -7.364934 38.000
 47   140.004 53862.05666530 51.81 310.735339  -7.361624 38.000
 47   140.018 53862.05666595 52.20 310.734609  -7.358324 38.000
 47   139.906 53862.05666659 51.11 310.733869  -7.355024 38.000
 47   139.945 53862.05666724 51.58 310.733139  -7.351714 38.000
 48   135.859 53897.05668694 50.37 310.738833  -7.359174 27.139
 48   135.919 53897.05668758 49.82 310.738093  -7.355864 27.139
 48   135.883 53897.05668822 51.25 310.737363  -7.352564 27.139
 48   135.742 53897.05668887 47.95 310.736623  -7.349264 27.139
 49   134.631 53932.05673479 52.25 310.729782  -7.369002 26.096
 49   134.638 53932.05673544 50.34 310.729052  -7.365702 26.096
 49   134.629 53932.05673608 49.63 310.728312  -7.362392 26.096
 49   134.487 53932.05673673 52.22 310.727582  -7.359092 26.096
 50   133.854 53967.05670899 43.09 310.733737  -7.370505 25.652
 50   134.097 53967.05670964 47.67 310.732997  -7.367195 25.652
 50   134.006 53967.05671028 51.92 310.732267  -7.363895 25.652
 50   133.961 53967.05671093 49.16 310.731537  -7.360595 25.652
 50   133.801 53967.05671157 51.13 310.730797  -7.357285 25.652
 51   133.740 54002.05667533 50.42 310.741125  -7.357390 32.175
 51   133.745 54002.05667598 46.54 310.740395  -7.354090 32.175
 51   133.684 54002.05667662 50.42 310.739655  -7.350780 32.175
 51   133.665 54002.05667726 51.81 310.738925  -7.347480 32.175
 51   133.656 54002.05667791 48.51 310.738185  -7.344180 32.175
 52   134.226 54037.05671381 47.98 310.740687  -7.358719 27.254
 52   134.096 54037.05671445 50.61 310.739957  -7.355419 27.254
 52   134.019 54037.05671510 51.24 310.739217  -7.352119 27.254
 52   134.020 54037.05671574 53.46 310.738487  -7.348819 27.254
 52   134.023 54037.05671639 51.78 310.737747  -7.345509 27.254
 53   134.909 54072.05670722 52.06 310.739755  -7.361380 31.827
 53   134.982 54072.05670787 51.82 310.739025  -7.358080 31.827
 53   135.015 54072.05670851 51.46 310.738285  -7.354780 31.827
 53   134.838 54072.05670916 51.98 310.737555  -7.351470 31.827
 53   134.850 54072.05670980 52.21 310.736815  -7.348170 31.827
 54   135.796 54107.05665724 46.66 310.736798  -7.363093 23.551
 54   135.844 54107.05665788 47.36 310.736068  -7.359793 23.551
 54   135.619 54107.05665853 47.47 310.735328  -7.356493 23.551
 54   135.678 54107.05665917 49.01 310.734598  -7.353183 23.551
 54   135.822 54107.05665982 48.85 310.733868  -7.349883 23.551
 55   137.568 54142.05664187 51.43 310.738615  -7.362797 33.575
 55   137.629 54142.05664251 47.04 310.737885  -7.359497 33.575
 55   137.500 54142.05664316 50.97 310.737145  -7.356197 33.575
 55   137.468 54142.05664380 53.35 310.736415  -7.352897 33.575
 55   137.478 54142.05664445 51.12 310.735675  -7.349587 33.575
 56   139.750 54177.05663973 50.46 310.737047  -7.361422 36.244
 56   139.782 54177.05664037 50.98 310.736317  -7.358122 36.244
 56   139.726 54177.05664101 50.74 310.735577  -7.354821 19.675
 56   139.666 54177.05664166 52.57 310.734847  -7.351521 19.675
 57   138.702 54212.05664858 50.49 310.737673  -7.362759 24.546
 57   138.758 54212.05664922 51.29 310.736945  -7.359461 23.144
 57   138.750 54212.05664987 52.48 310.736205  -7.356151 23.144
 57   138.768 54212.05665051 53.41 310.735475  -7.352851 23.144
 57   138.753 54212.05665116 53.24 310.734735  -7.349551 23.144
 58   135.165 54247.05667846 46.75 310.738121  -7.362715 16.200
 58   135.180 54247.05667911 47.02 310.737381  -7.359415 16.200
 58   135.189 54247.05667975 49.94 310.736651  -7.356105 16.200
 58   135.208 54247.05668040 51.68 310.735911  -7.352805 16.200
 58   135.220 54247.05668104 52.55 310.735181  -7.349505 16.200
 60   133.878 54317.05668679 49.37 310.739508  -7.359762 24.703
 60   133.926 54317.05668743 47.74 310.738765  -7.356462 18.712
 60   133.767 54317.05668808 54.19 310.738035  -7.353152 18.712
 60   133.819 54317.05668872 52.62 310.737305  -7.349852 18.712
 60   133.930 54317.05668937 50.68 310.736565  -7.346552 18.712
 61   133.479 54352.05665263 48.14 310.738509  -7.362378 26.793
 61   133.616 54352.05665328 44.00 310.737779  -7.359068 26.793
 61   133.668 54352.05665392 53.26 310.737039  -7.355768 16.780
 61   133.634 54352.05665457 52.13 310.736309  -7.352468 16.780
 61   133.642 54352.05665521 51.88 310.735579  -7.349158 16.780
 62   133.419 54387.05662588 47.80 310.739643  -7.361407 20.948
 62   133.510 54387.05662652 44.47 310.738913  -7.358097 20.948
 62   133.531 54387.05662717 51.08 310.738173  -7.354797 20.948
 62   133.556 54387.05662781 51.18 310.737446  -7.351495 12.576
 62   133.496 54387.05662846 52.49 310.736706  -7.348195 12.576
 63   133.884 54422.05660239 42.28 310.737592  -7.361452 32.678
 63   133.677 54422.05660303 52.39 310.736852  -7.358152 32.678
 63   133.758 54422.05660368 51.55 310.736122  -7.354842 32.678
 63   133.758 54422.05660432 53.35 310.735392  -7.351542 32.678
 64   134.333 54457.05659973 47.75 310.739545  -7.358976 24.677
 64   134.453 54457.05660038 43.54 310.738805  -7.355676 24.677
 64   134.386 54457.05660102 48.79 310.738075  -7.352376 15.887
 64   134.248 54457.05660167 34.27 310.737335  -7.349066 15.887
 65   135.256 54492.05660505 54.82 310.738637  -7.359564 33.963
 65   135.289 54492.05660570 52.33 310.737897  -7.356264 33.963
 65   135.333 54492.05660634 52.19 310.737167  -7.352964 33.963
 65   135.185 54492.05660698 52.86 310.736427  -7.349654 33.963
 66   137.383 54527.05661241 52.36 310.740125  -7.358683 31.938
 66   137.293 54527.05661305 53.27 310.739395  -7.355383 31.938
 66   137.126 54527.05661370 53.86 310.738655  -7.352083 31.938
 66   137.204 54527.05661434 51.82 310.737925  -7.348773 31.938
 66   137.229 54527.05661499 48.65 310.737185  -7.345473 31.938
 67   138.969 54562.05661284 29.68 310.737532  -7.361648 31.061
 67   138.813 54562.05661348 30.62 310.736802  -7.358348 31.061
 67   138.982 54562.05661413 36.87 310.736062  -7.355038 31.061
 67   139.024 54562.05661477 43.75 310.735332  -7.351738 31.061
 68   138.115 54597.05660855 31.48 310.737805  -7.360389 19.916
 68   137.989 54597.05660919 28.49 310.737075  -7.357089 19.916
 68   138.038 54597.05660984 24.57 310.736335  -7.353789 19.916
 68   138.356 54597.05661048 25.27 310.735605  -7.350479 19.916
 69   135.067 54632.05662125 49.86 310.737481  -7.363066 27.230
 69   134.930 54632.05662189 51.25 310.736741  -7.359756 27.230
 69   135.010 54632.05662254 50.15 310.736011  -7.356456 27.230
 69   134.894 54632.05662318 50.57 310.735271  -7.353156 27.230
 69   134.839 54632.05662382 51.48 310.734541  -7.349846 27.230
 70   134.280 54667.05662667 49.92 310.737349  -7.364275 29.770
 70   134.174 54667.05662732 47.36 310.736619  -7.360975 29.770
 70   134.212 54667.05662796 51.16 310.735879  -7.357665 29.770
 70   134.234 54667.05662860 52.05 310.735149  -7.354365 29.770
 70   134.087 54667.05662925 52.02 310.734409  -7.351065 29.770
 71   133.765 54702.05659468 43.09 310.739084  -7.360906 33.675
 71   133.710 54702.05659533 37.89 310.738354  -7.357606 33.675
 71   133.821 54702.05659597 42.52 310.737614  -7.354296 33.675
 71   133.845 54702.05659661 43.72 310.736884  -7.350996 33.675
 71   133.739 54702.05659726 47.48 310.736154  -7.347696 33.675
 72   133.892 54737.05658809 41.89 310.738706  -7.360731 25.839
 72   133.686 54737.05658873 32.88 310.737976  -7.357431 25.839
 72   133.456 54737.05658938 30.97 310.737236  -7.354131 25.839
 72   133.385 54737.05659002 38.95 310.736506  -7.350821 25.839
 72   133.696 54737.05659067 48.78 310.735766  -7.347521 25.839
 73   133.967 54772.05657501 39.68 310.739171  -7.360547 21.702
 73   133.836 54772.05657566 33.25 310.738441  -7.357247 21.702
 73   133.757 54772.05657630 26.90 310.737701  -7.353937 21.702
 73   133.545 54772.05657695 23.48 310.736971  -7.350637 21.702
 73   133.702 54772.05657759 37.76 310.736231  -7.347337 21.702
 74   134.597 54807.05658086 46.08 310.738093  -7.362026 23.088
 74   134.585 54807.05658151 45.10 310.737353  -7.358716 23.088
 74   134.564 54807.05658215 46.57 310.736623  -7.355416 23.088
 74   134.427 54807.05658280 35.63 310.735883  -7.352116 23.088
 74   134.027 54807.05658344 26.37 310.735153  -7.348806 23.088
 75   136.217 54842.05657202 52.62 310.738362  -7.360111 32.718
 75   136.099 54842.05657266 51.22 310.737622  -7.356801 32.718
 75   136.044 54842.05657331 52.22 310.736892  -7.353501 32.718
 75   136.040 54842.05657395 53.45 310.736152  -7.350201 32.718
 76   136.858 54877.05658307 51.46 310.737485  -7.361762 33.395
 76   136.796 54877.05658372 50.81 310.736755  -7.358462 33.395
 76   136.895 54877.05658436 53.31 310.736015  -7.355162 33.395
 76   136.802 54877.05658501 52.16 310.735285  -7.351852 33.395
 77   138.126 54912.05657557 49.43 310.736878  -7.364204 28.511
 77   138.131 54912.05657622 50.34 310.736148  -7.360904 28.511
 77   138.116 54912.05657686 52.12 310.735418  -7.357604 28.511
 77   138.189 54912.05657751 51.05 310.734678  -7.354294 28.511
 77   137.826 54912.05657815 52.23 310.733948  -7.350994 28.511
 78   138.387 54947.05657542 49.93 310.737347  -7.363988 34.130
 78   138.403 54947.05657607 49.65 310.736617  -7.360678 34.130
 78   138.386 54947.05657671 48.49 310.735887  -7.357378 34.130
 78   138.315 54947.05657736 48.55 310.735147  -7.354078 34.130
 78   138.276 54947.05657800 49.67 310.734417  -7.350768 34.130
 79   138.320 54982.05660202 50.08 310.736688  -7.361344 31.794
 79   138.135 54982.05660267 50.62 310.735958  -7.358044 31.794
 79   138.053 54982.05660331 52.49 310.735218  -7.354744 31.794
 79   138.107 54982.05660396 50.40 310.734488  -7.351434 31.794
 80   134.975 55017.05660151 49.92 310.738201  -7.360246 31.383
 80   135.043 55017.05660215 52.80 310.737461  -7.356936 31.383
 80   134.890 55017.05660280 52.39 310.736731  -7.353636 31.383
 80   134.865 55017.05660344 53.18 310.735991  -7.350336 31.383
 81   134.258 55052.05659667 47.50 310.738951  -7.360261 36.201
 81   134.126 55052.05659732 48.57 310.738221  -7.356961 36.201
 81   134.232 55052.05659796 52.39 310.737481  -7.353651 36.201
 81   134.108 55052.05659861 53.05 310.736751  -7.350351 36.201
 81   134.133 55052.05659925 48.28 310.736011  -7.347051 36.201
 82   133.947 55087.05656050 43.12 310.737064  -7.361766 34.925
 82   133.986 55087.05656115 49.46 310.736334  -7.358466 34.925
 82   133.905 55087.05656179 53.35 310.735594  -7.355156 34.925
 82   133.852 55087.05656244 50.89 310.734864  -7.351856 34.925
 83   134.143 55122.05653140 49.73 310.739728  -7.359528 32.242
 83   134.180 55122.05653205 48.93 310.738998  -7.356228 32.242
 83   134.156 55122.05653269 51.09 310.738258  -7.352928 32.242
 83   134.144 55122.05653334 52.28 310.737528  -7.349618 32.242
 83   134.112 55122.05653398 51.06 310.736788  -7.346318 32.242
 84   135.084 55157.05651985 46.17 310.737500  -7.363687 32.288
 84   135.153 55157.05652049 51.02 310.736770  -7.360387 32.288
 84   135.131 55157.05652114 51.40 310.736040  -7.357087 32.288
 84   134.968 55157.05652178 53.22 310.735300  -7.353777 32.288
 84   134.977 55157.05652243 51.64 310.734570  -7.350477 32.288
 85   144.511 55192.05652100 19.17 310.738203  -7.360885 18.331
 85   136.149 55192.05652164 13.91 310.737463  -7.357575 18.331
 85   136.279 55192.05652228 13.61 310.736733  -7.354275 18.331
 85   136.509 55192.05652293 13.22 310.735993  -7.350975 18.331
 86   137.962 55227.05652125 48.94 310.737555  -7.363222 34.695
 86   137.799 55227.05652190 51.21 310.736825  -7.359922 34.695
 86   137.806 55227.05652254 54.19 310.736085  -7.356612 34.695
 86   137.882 55227.05652319 49.94 310.735355  -7.353312 34.695
 86   137.899 55227.05652383 51.45 310.734625  -7.350012 34.695
 87   137.899 55262.05651632 52.65 310.738815  -7.359105 38.439
 87   137.934 55262.05651697 49.83 310.738075  -7.355805 38.439
 87   138.006 55262.05651761 52.50 310.737345  -7.352505 38.439
 87   137.991 55262.05651825 52.07 310.736605  -7.349195 38.439
 89   136.071 55332.05649645 49.38 310.736685  -7.362839 27.104
 89   136.023 55332.05649709 52.24 310.735945  -7.359529 27.104
 89   136.029 55332.05649774 52.89 310.735215  -7.356229 27.104
 89   136.025 55332.05649838 51.83 310.734475  -7.352929 27.104
 90   134.598 55367.05648894 47.97 310.738322  -7.359999 30.873
 90   134.552 55367.05648958 51.13 310.737582  -7.356689 30.873
 90   134.539 55367.05649023 50.92 310.736852  -7.353389 30.873
 90   134.551 55367.05649087 51.63 310.736112  -7.350089 30.873
 91   134.063 55402.05650251 38.31 310.739058  -7.361967 27.155
 91   133.975 55402.05650315 34.86 310.738328  -7.358657 27.155
 91   133.975 55402.05650380 39.78 310.737598  -7.355357 27.155
 91   134.081 55402.05650444 49.16 310.736858  -7.352057 27.155
 91   134.097 55402.05650509 51.05 310.736128  -7.348747 27.155
 92   133.772 55437.05650655 37.09 310.739580  -7.360763 32.976
 92   133.833 55437.05650719 48.94 310.738840  -7.357453 32.976
 92   133.764 55437.05650784 53.10 310.738110  -7.354153 32.976
 92   133.771 55437.05650848 52.44 310.737370  -7.350853 32.976
 92   133.828 55437.05650913 52.57 310.736640  -7.347543 32.976
 93   133.786 55472.05645670 35.07 310.738071  -7.360437 27.064
 93   133.483 55472.05645734 30.03 310.737341  -7.357137 27.064
 93   133.366 55472.05645799 24.10 310.736601  -7.353827 27.064
 93   133.451 55472.05645863 23.53 310.735871  -7.350527 27.064
