#    0.000   0.000   0.000 ;Mean Elev.(m), Avg Gradient(m/km), RMS Gradient(m/km) - SRTM1     
#    0.000   0.000   0.000 ;Mean Elev.(m), Avg Gradient(m/km), RMS Gradient(m/km) - ASTER GDEM
#   91.156  -0.634   4.068 ;Mean Elev.(m), Avg Gradient(m/km), RMS Gradient(m/km) - GMTED2010 
  6 311.530701  -5.412084    90.043    90.061  4 52419.54909198 50.095
  7 311.530368  -5.413260    88.451    88.433  4 52454.54911706 49.108
  8 311.540024  -5.409277    87.949    87.917  4 52489.54909280 44.086
  9 311.535518  -5.410918    87.754    87.763  3 52524.54907027 46.262
 10 311.532012  -5.411342    87.238    87.303  4 52559.54911992 32.748
 11 311.527839  -5.414238    87.813    87.812  5 52594.54912518 37.505
 12 311.538903  -5.408537    88.739    88.769  4 52629.54905352 51.326
 13 311.533243  -5.410865    90.495    90.463  4 52664.54908596 43.135
 14 311.540404  -5.408967    92.755    92.738  4 52699.54905908 50.366
 15 311.541874  -5.408515    94.125    94.131  3 52734.54908758 48.635
 16 311.534278  -5.411427    92.852    92.851  4 52769.54908132 48.931
 17 311.533662  -5.410590    89.395    89.380  4 52804.54911246 42.799
 18 311.535978  -5.411939    88.108    88.163  4 52839.54917467 50.100
 19 311.535433  -5.410144    87.838    87.820  4 52874.54921377 50.945
 20 311.541589  -5.407303    87.618    87.632  4 52909.54918813 28.384
 21 311.541967  -5.408154    88.593    88.686  3 52944.54912546 49.714
 22 311.536099  -5.410670    88.569    88.613  3 52979.54917825 27.157
 23 311.532799  -5.412692    89.713    89.696  4 53014.54917605 50.563
 24 311.535531  -5.410544    94.657    94.649  4 53049.54914863 51.814
 25 311.526988  -5.415165    95.343    95.354  5 53084.54918553 47.741
 26 311.531713  -5.411741    95.131    95.146  4 53119.54915455 51.671
 27 311.528478  -5.413791    91.375    91.397  5 53154.54920719 49.980
 28 311.541810  -5.408457    88.987    88.999  4 53189.54919564 50.211
 29 311.538087  -5.410090    88.222    88.197  4 53224.54920841 47.995
 30 311.531518  -5.411483    87.393    87.416  4 53259.54918372 27.485
 31 311.525622  -5.415652    87.348    87.410  5 53294.54921096 31.811
 32 311.536747  -5.409584    88.461    88.455  4 53329.54918277 45.133
 33 311.539916  -5.407752    89.219    89.144  4 53364.54913315 51.190
 34 311.534158  -5.410305    91.216    91.207  4 53399.54915792 51.496
 35 311.538406  -5.408586    93.290    93.290  4 53434.54914779 45.785
 36 311.532561  -5.411859    94.174    94.161  4 53469.54919182 51.207
 37 311.530426  -5.413101    92.551    92.578  4 53504.54923417 22.677
 38 311.533632  -5.410913    89.507    89.510  4 53539.54923288 50.085
 39 311.531405  -5.413582    88.041    88.051  4 53574.54923009 35.454
 40 311.534236  -5.411284    87.352    87.407  3 53609.54917962 24.607
 41 311.534147  -5.411601    87.486    87.500  4 53644.54918251 36.459
 42 311.529168  -5.414295    87.475    87.462  4 53679.54920089 43.566
 43 311.539729  -5.407742    88.640    88.644  4 53714.54912747 39.414
 44 311.540212  -5.408592    91.925    91.913  4 53749.54904310 49.868
 45 311.539804  -5.408754    92.331    92.355  4 53784.54907365 33.530
 46 311.539660  -5.409384    92.793    92.788  4 53819.54903399 50.748
 47 311.529940  -5.414241    94.693    94.699  4 53854.54911668 51.280
 48 311.542976  -5.407293    92.319    92.333  4 53889.54912395 28.132
 49 311.523905  -5.416199    88.801    88.851  5 53924.54919239 49.602
 50 311.527480  -5.414881    87.657    87.610  4 53959.54918239 26.749
 51 311.537508  -5.410209    87.775    87.771  4 53994.54911379 37.032
 52 311.537100  -5.409768    88.084    88.095  4 54029.54917218 40.031
 53 311.539513  -5.407800    88.999    89.001  4 54064.54916570 35.076
 54 311.535459  -5.411154    89.730    89.741  4 54099.54913184 36.407
 55 311.535160  -5.410655    90.894    90.906  4 54134.54909071 49.366
 57 311.534206  -5.410824    93.572    93.607  4 54204.54909493 52.455
 58 311.536223  -5.410699    90.620    90.615  3 54239.54912886 49.900
 59 311.536013  -5.410826    88.556    88.570  3 54274.54914619 42.561
 61 311.537645  -5.408827    87.666    87.624  4 54344.54912377 30.314
 62 311.535385  -5.410299    87.333    87.435  4 54379.54908377 30.489
 63 311.535766  -5.409463    87.638    87.638  2 54414.54907248 25.790
 64 311.534501  -5.412178    88.353    88.372  4 54449.54905132 50.814
 65 311.537014  -5.411325    89.383    89.410  4 54484.54906742 48.031
 66 311.536066  -5.411525    91.319    91.318  4 54519.54906478 38.010
 67 311.535432  -5.411993    93.291    93.221  4 54554.54907870 43.316
 68 311.534920  -5.412161    92.971    92.958  4 54589.54906035 48.788
 69 311.535196  -5.411500    89.812    89.851  4 54624.54907780 51.650
 70 311.532978  -5.413104    88.165    88.097  4 54659.54908645 33.808
 71 311.536183  -5.411743    87.605    87.577  4 54694.54906565 32.537
 72 311.535515  -5.411260    87.176    87.197  4 54729.54904075 25.307
 73 311.534806  -5.411863    87.384    87.437  4 54764.54904453 34.634
 74 311.533963  -5.411534    88.207    88.166  4 54799.54903427 49.828
 75 311.535325  -5.410143    90.182    90.280  4 54834.54903465 35.638
 76 311.535213  -5.411581    91.008    90.988  4 54869.54903171 50.858
 77 311.533366  -5.412430    92.264    92.235  4 54904.54904439 43.904
 78 311.535177  -5.411065    92.704    92.645  3 54939.54902196 50.351
 79 311.534876  -5.410161    93.953    93.987  4 54974.54905268 51.375
 80 311.534081  -5.412655    89.504    89.499  4 55009.54906647 46.833
 81 311.536122  -5.409867    89.259    88.259  4 55044.54905561 24.292
 82 311.536106  -5.411032    87.690    87.674  3 55079.54903219 50.508
 83 311.535469  -5.411061    87.733    87.671  3 55114.54898884 48.263
 84 311.533896  -5.412469    88.585    88.637  4 55149.54898880 23.717
 85 311.534378  -5.411865    89.983    90.010  4 55184.54897193 48.335
 86 311.534294  -5.411549    91.938    91.960  4 55219.54898679 51.302
 87 311.536342  -5.410712    92.642    92.696  3 55254.54896801 45.492
 88 311.534830  -5.411903    92.766    92.793  4 55289.54897556 38.732
 89 311.533358  -5.411898    91.676    91.708  4 55324.54895452 45.522
 90 311.534581  -5.411195    88.989    89.034  4 55359.54895273 51.962
 91 311.534717  -5.411610    87.947    88.035  4 55394.54895687 45.605
 92 311.536872  -5.409590    87.702    87.665  4 55429.54896752 41.660
 93 311.538263  -5.408475    87.483    87.472  4 55464.54893020 27.268
